w(16002590,314273523440,902000084217,902000084218)
w(5203944,743674571068,902000084217,902000084219)
w(16002590,691291372381,356902812949,356902812950)
w(16002590,399676765072,794384707514,794384707515)
r(16002590,399676765072,794384707514,794384707515)
w(5203944,108070277725,356902812949,356902812951)
r(16002590,314273523440,356902812949,356902812951)
r(16002590,399676765072,356902812949,356902812952)
r(16002590,399676765072,794384707514,794384707516)
w(16002590,128089709113,356902812949,356902812952)
r(16002590,128089709113,356902812949,356902812953)
r(16002590,128089709113,356902812949,356902812953)
r(16002590,128089709113,356902812949,356902812954)
w(5203944,432594509483,356902812949,356902812954)
r(5203944,432594509483,356902812949,356902812955)
r(16002590,128089709113,794384707514,794384707518)
r(16002590,128089709113,356902812949,356902812955)
r(16002590,128089709113,794384707514,794384707518)
w(5203944,351587873274,356902812949,356902812956)
r(16002590,128089709113,356902812949,356902812956)
r(16002590,128089709113,794384707514,794384707519)
w(5203944,779873218884,356902812949,356902812957)
w(16002590,781663205423,794384707514,794384707519)
r(16002590,128089709113,356902812949,356902812957)
w(5203944,658498825785,794384707514,794384707520)
r(5203944,658498825785,794384707514,794384707520)
w(16002590,691924199272,356902812949,356902812958)
r(5203944,351587873274,356902812949,356902812958)
w(5203944,497668363873,794384707514,794384707521)
w(16002590,646083447205,794384707514,794384707521)
w(5203944,72425646369,356902812949,356902812959)
r(16002590,781663205423,356902812949,356902812959)
r(5203944,497668363873,794384707514,794384707522)
w(5203944,445365330252,794384707514,794384707522)
r(16002590,646083447205,356902812949,356902812960)
w(5203944,171959097147,356902812949,356902812960)
w(5203944,890740692790,794384707514,794384707523)
w(16002590,317236239901,794384707514,794384707523)
w(16002590,78950337208,794384707514,794384707524)
r(16002590,78950337208,794384707514,794384707524)
w(16002590,161556041508,356902812949,356902812961)
w(16002590,896096843240,356902812949,356902812961)
r(5203944,890740692790,794384707514,794384707525)
w(16002590,369907201875,356902812949,356902812962)
w(5203944,770454939859,794384707514,794384707525)
w(5203944,501848750073,356902812949,356902812962)
r(16002590,896096843240,794384707514,794384707526)
w(5203944,54766056293,356902812949,356902812963)
r(5203944,54766056293,356902812949,356902812963)
r(16002590,896096843240,794384707514,794384707526)
r(16002590,369907201875,356902812949,356902812964)
w(5203944,463449355882,356902812949,356902812964)
r(5203944,54766056293,794384707514,794384707527)
r(5203944,54766056293,794384707514,794384707527)
w(16002590,575027682305,356902812949,356902812965)
r(5203944,463449355882,356902812949,356902812965)
w(16002590,760183153737,794384707514,794384707528)
r(16002590,760183153737,794384707514,794384707528)
w(16002590,728716748723,356902812949,356902812966)
w(5203944,634072824732,356902812949,356902812966)
w(16002590,271728449826,794384707514,794384707529)
w(5203944,144838589622,794384707514,794384707529)
w(16002590,597754991564,356902812949,356902812967)
w(5203944,685296947794,794384707514,794384707530)
r(5203944,634072824732,356902812949,356902812967)
w(5203944,592202594954,794384707514,794384707530)
w(5203944,779077498722,356902812949,356902812968)
w(16002590,120899404906,794384707514,794384707531)
w(5203944,375448014887,356902812949,356902812968)
r(5203944,592202594954,794384707514,794384707531)
w(16002590,136080061500,356902812949,356902812969)
r(16002590,136080061500,356902812949,356902812969)
w(5203944,190581366685,794384707514,794384707532)
w(16002590,680441138432,794384707514,794384707532)
r(16002590,136080061500,356902812949,356902812970)
r(5203944,190581366685,794384707514,794384707533)
w(16002590,402751182756,356902812949,356902812970)
w(5203944,296866862877,794384707514,794384707533)
r(16002590,680441138432,794384707514,794384707534)
r(16002590,680441138432,356902812949,356902812971)
r(16002590,680441138432,356902812949,356902812971)
r(5203944,190581366685,794384707514,794384707534)
w(5203944,289099136077,794384707514,794384707535)
w(5203944,138435077866,356902812949,356902812972)
w(16002590,546936083559,356902812949,356902812972)
r(16002590,680441138432,794384707514,794384707535)
w(5203944,107583122194,356902812949,356902812973)
r(5203944,107583122194,356902812949,356902812973)
r(16002590,546936083559,794384707514,794384707536)
w(16002590,469502158974,794384707514,794384707536)
r(16002590,546936083559,356902812949,356902812974)
r(5203944,107583122194,356902812949,356902812974)
r(5203944,107583122194,794384707514,794384707537)
r(16002590,469502158974,794384707514,794384707537)
r(5203944,107583122194,356902812949,356902812975)
w(16002590,497421268425,356902812949,356902812975)
w(5203944,420060444535,794384707514,794384707538)
r(5203944,420060444535,794384707514,794384707538)
r(5203944,107583122194,356902812949,356902812976)
r(5203944,107583122194,356902812949,356902812976)
r(5203944,420060444535,794384707514,794384707539)
w(16002590,292190128050,794384707514,794384707539)
w(5203944,242869998349,356902812949,356902812977)
w(16002590,180479918063,356902812949,356902812977)
r(16002590,469502158974,794384707514,794384707540)
r(16002590,469502158974,794384707514,794384707540)
w(5203944,540886232635,356902812949,356902812978)
w(5203944,4375198119,356902812949,356902812978)
w(5203944,422067257387,356902812949,356902812979)
r(16002590,180479918063,794384707514,794384707541)
w(16002590,406978798945,794384707514,794384707541)
r(16002590,180479918063,356902812949,356902812979)
w(5203944,328295054901,794384707514,794384707542)
r(5203944,422067257387,356902812949,356902812980)
w(16002590,845756278569,356902812949,356902812980)
r(16002590,406978798945,794384707514,794384707542)
w(16002590,163571204689,356902812949,356902812981)
r(5203944,328295054901,356902812949,356902812981)
r(16002590,406978798945,794384707514,794384707543)
w(16002590,85032976683,794384707514,794384707543)
r(5203944,328295054901,356902812949,356902812982)
r(5203944,328295054901,794384707514,794384707544)
w(5203944,89670523323,794384707514,794384707544)
r(5203944,328295054901,356902812949,356902812982)
r(16002590,85032976683,794384707514,794384707545)
r(5203944,328295054901,356902812949,356902812983)
w(5203944,650338054792,794384707514,794384707545)
w(16002590,533660772355,356902812949,356902812983)
w(5203944,847257142772,794384707514,794384707546)
r(5203944,650338054792,356902812949,356902812984)
w(5203944,677309164124,794384707514,794384707546)
r(5203944,650338054792,356902812949,356902812984)
r(16002590,85032976683,794384707514,794384707547)
r(16002590,85032976683,356902812949,356902812985)
r(16002590,85032976683,794384707514,794384707547)
r(16002590,85032976683,356902812949,356902812985)
w(16002590,592923261628,794384707514,794384707548)
w(16002590,519983662832,794384707514,794384707548)
r(5203944,677309164124,356902812949,356902812986)
r(5203944,677309164124,356902812949,356902812986)
r(5203944,677309164124,794384707514,794384707549)
r(16002590,519983662832,794384707514,794384707549)
r(16002590,519983662832,356902812949,356902812987)
w(16002590,613879292888,356902812949,356902812987)
w(16002590,351198848492,794384707514,794384707550)
w(16002590,186806025216,356902812949,356902812988)
r(5203944,677309164124,794384707514,794384707550)
w(5203944,294825337024,356902812949,356902812988)
w(16002590,918761744512,356902812949,356902812989)
w(5203944,410163384049,794384707514,794384707551)
w(16002590,294016174361,794384707514,794384707551)
r(5203944,294825337024,356902812949,356902812989)
w(5203944,208773368437,794384707514,794384707552)
r(16002590,294016174361,356902812949,356902812990)
w(16002590,187805420666,794384707514,794384707552)
w(16002590,753949393773,356902812949,356902812990)
w(5203944,771069165465,794384707514,794384707553)
w(5203944,726687314146,794384707514,794384707553)
w(16002590,392532611538,356902812949,356902812991)
r(5203944,208773368437,356902812949,356902812991)
w(5203944,273256190656,794384707514,794384707554)
r(16002590,187805420666,794384707514,794384707554)
w(5203944,61163117955,356902812949,356902812992)
w(5203944,577975281843,356902812949,356902812992)
w(5203944,778988475914,356902812949,356902812993)
r(16002590,187805420666,794384707514,794384707555)
r(5203944,577975281843,794384707514,794384707555)
r(16002590,187805420666,356902812949,356902812993)
r(16002590,187805420666,356902812949,356902812994)
r(16002590,187805420666,794384707514,794384707556)
w(16002590,105497052810,356902812949,356902812994)
w(5203944,873834032601,794384707514,794384707556)
w(16002590,159958172331,794384707514,794384707557)
w(16002590,53458787440,356902812949,356902812995)
r(16002590,159958172331,794384707514,794384707557)
r(5203944,778988475914,356902812949,356902812995)
w(16002590,383580743243,794384707514,794384707558)
w(5203944,222442126700,794384707514,794384707558)
w(5203944,132476952475,356902812949,356902812996)
r(5203944,132476952475,356902812949,356902812996)
r(16002590,383580743243,794384707514,794384707559)
w(16002590,34905696908,356902812949,356902812997)
r(16002590,34905696908,356902812949,356902812997)
r(5203944,132476952475,794384707514,794384707559)
w(5203944,618428492196,794384707514,794384707560)
w(5203944,285041786256,794384707514,794384707560)
r(16002590,34905696908,356902812949,356902812998)
r(16002590,34905696908,356902812949,356902812998)
w(5203944,744663276001,794384707514,794384707561)
w(16002590,723571967850,794384707514,794384707561)
r(5203944,285041786256,356902812949,356902812999)
w(5203944,566989751945,356902812949,356902812999)
r(5203944,744663276001,794384707514,794384707562)
r(5203944,744663276001,794384707514,794384707562)
w(16002590,705712683935,356902812949,356902813000)
r(5203944,744663276001,356902812949,356902813000)
r(16002590,723571967850,794384707514,794384707563)
w(16002590,772965440178,794384707514,794384707563)
r(16002590,723571967850,356902812949,356902813001)
w(5203944,448202013647,356902812949,356902813001)
r(16002590,772965440178,794384707514,794384707564)
w(5203944,409282012175,794384707514,794384707564)
r(16002590,772965440178,356902812949,356902813002)
r(16002590,772965440178,356902812949,356902813002)
r(5203944,409282012175,794384707514,794384707565)
w(5203944,570513678262,794384707514,794384707565)
w(16002590,374423893356,356902812949,356902813003)
r(16002590,374423893356,356902812949,356902813003)
r(16002590,772965440178,794384707514,794384707566)
r(16002590,772965440178,794384707514,794384707566)
w(5203944,572714649379,356902812949,356902813004)
w(5203944,700196801007,356902812949,356902813004)
w(16002590,305138347822,794384707514,794384707567)
r(16002590,305138347822,794384707514,794384707567)
w(5203944,111944159137,356902812949,356902813005)
w(5203944,671642959839,356902812949,356902813005)
w(16002590,568051636481,794384707514,794384707568)
r(5203944,700196801007,794384707514,794384707568)
r(16002590,305138347822,356902812949,356902813006)
w(16002590,689165629685,356902812949,356902813006)
r(16002590,305138347822,794384707514,794384707569)
r(16002590,305138347822,794384707514,794384707569)
w(5203944,606706595997,356902812949,356902813007)
w(16002590,358910595314,356902812949,356902813007)
w(5203944,795211930968,794384707514,794384707570)
r(5203944,795211930968,794384707514,794384707570)
r(5203944,606706595997,356902812949,356902813008)
r(5203944,795211930968,794384707514,794384707571)
r(5203944,606706595997,356902812949,356902813008)
r(5203944,795211930968,794384707514,794384707571)
w(5203944,673396529461,794384707514,794384707572)
w(5203944,67478319150,356902812949,356902813009)
w(16002590,98703280865,794384707514,794384707572)
w(16002590,191921395307,356902812949,356902813009)
w(16002590,156676736437,794384707514,794384707573)
w(5203944,751051916351,794384707514,794384707573)
r(16002590,191921395307,356902812949,356902813010)
w(5203944,111874194375,356902812949,356902813010)
r(5203944,751051916351,794384707514,794384707574)
r(5203944,751051916351,794384707514,794384707574)
w(5203944,503623772771,356902812949,356902813011)
r(5203944,503623772771,356902812949,356902813011)
r(16002590,156676736437,794384707514,794384707575)
w(16002590,492747745622,794384707514,794384707575)
r(5203944,503623772771,356902812949,356902813012)
r(5203944,503623772771,356902812949,356902813012)
r(16002590,492747745622,794384707514,794384707576)
r(16002590,492747745622,794384707514,794384707576)
r(16002590,492747745622,356902812949,356902813013)
w(5203944,400052722381,356902812949,356902813013)
r(16002590,492747745622,794384707514,794384707577)
w(5203944,439986065079,794384707514,794384707577)
r(16002590,492747745622,356902812949,356902813014)
r(16002590,492747745622,356902812949,356902813014)
r(5203944,439986065079,794384707514,794384707578)
r(16002590,492747745622,794384707514,794384707578)
r(5203944,439986065079,356902812949,356902813015)
r(5203944,439986065079,356902812949,356902813015)
r(16002590,492747745622,794384707514,794384707579)
r(5203944,439986065079,794384707514,794384707579)
r(5203944,439986065079,356902812949,356902813016)
r(16002590,492747745622,794384707514,794384707580)
r(5203944,439986065079,794384707514,794384707580)
r(16002590,492747745622,356902812949,356902813016)
r(16002590,492747745622,356902812949,356902813017)
r(16002590,492747745622,794384707514,794384707581)
w(16002590,700552703707,356902812949,356902813017)
r(16002590,492747745622,794384707514,794384707581)
r(5203944,439986065079,356902812949,356902813018)
w(5203944,248098425562,794384707514,794384707582)
r(5203944,248098425562,794384707514,794384707582)
w(16002590,651817068470,356902812949,356902813018)
r(16002590,700552703707,356902812949,356902813019)
r(16002590,700552703707,794384707514,794384707583)
r(5203944,248098425562,356902812949,356902813019)
r(5203944,248098425562,794384707514,794384707583)
w(5203944,89181971101,356902812949,356902813020)
w(5203944,592557660806,794384707514,794384707584)
w(16002590,615677878900,356902812949,356902813020)
w(16002590,384603585845,794384707514,794384707584)
r(5203944,592557660806,356902812949,356902813021)
r(5203944,592557660806,794384707514,794384707585)
r(16002590,384603585845,356902812949,356902813021)
r(5203944,592557660806,794384707514,794384707585)
w(5203944,548143771103,356902812949,356902813022)
r(5203944,592557660806,794384707514,794384707586)
w(5203944,727551137463,356902812949,356902813022)
w(16002590,920712386943,794384707514,794384707586)
w(16002590,271035671663,356902812949,356902813023)
r(5203944,727551137463,794384707514,794384707587)
w(5203944,628304751117,356902812949,356902813023)
w(16002590,677248451052,794384707514,794384707587)
w(16002590,387236590932,356902812949,356902813024)
r(16002590,387236590932,356902812949,356902813024)
r(5203944,628304751117,794384707514,794384707588)
r(5203944,628304751117,794384707514,794384707588)
w(5203944,899750673983,356902812949,356902813025)
r(5203944,899750673983,356902812949,356902813025)
r(5203944,628304751117,794384707514,794384707589)
w(5203944,585281784021,794384707514,794384707589)
r(5203944,899750673983,356902812949,356902813026)
w(5203944,467056069036,356902812949,356902813026)
w(5203944,639546290173,794384707514,794384707590)
w(16002590,289715325610,356902812949,356902813027)
w(5203944,332963601994,794384707514,794384707590)
w(16002590,891580986112,356902812949,356902813027)
w(5203944,489530542814,794384707514,794384707591)
w(5203944,179184539674,794384707514,794384707591)
r(16002590,891580986112,356902812949,356902813028)
w(16002590,75814820798,356902812949,356902813028)
w(5203944,841932836553,794384707514,794384707592)
w(16002590,248124520439,356902812949,356902813029)
r(16002590,75814820798,794384707514,794384707592)
r(16002590,248124520439,356902812949,356902813029)
w(16002590,584360414350,794384707514,794384707593)
w(16002590,871595734502,356902812949,356902813030)
r(16002590,584360414350,794384707514,794384707593)
r(16002590,871595734502,356902812949,356902813030)
r(16002590,584360414350,794384707514,794384707594)
w(16002590,379196868225,356902812949,356902813031)
w(16002590,597875070754,356902812949,356902813031)
r(5203944,841932836553,794384707514,794384707594)
w(5203944,375542887009,794384707514,794384707595)
r(16002590,597875070754,356902812949,356902813032)
r(5203944,375542887009,794384707514,794384707595)
r(5203944,841932836553,356902812949,356902813032)
w(5203944,21815491593,794384707514,794384707596)
w(16002590,96011262483,794384707514,794384707596)
w(5203944,526577008574,356902812949,356902813033)
w(16002590,346182900556,356902812949,356902813033)
w(16002590,901690858289,794384707514,794384707597)
w(5203944,328111463557,794384707514,794384707597)
w(5203944,532156138608,356902812949,356902813034)
r(5203944,532156138608,356902812949,356902813034)
w(16002590,873560429034,794384707514,794384707598)
r(16002590,873560429034,794384707514,794384707598)
r(5203944,532156138608,356902812949,356902813035)
r(5203944,532156138608,794384707514,794384707599)
r(16002590,873560429034,356902812949,356902813035)
r(16002590,873560429034,794384707514,794384707599)
r(5203944,532156138608,356902812949,356902813036)
w(16002590,847819211030,794384707514,794384707600)
w(5203944,115968641030,356902812949,356902813036)
w(16002590,211419355593,794384707514,794384707600)
w(5203944,779005367453,356902812949,356902813037)
w(16002590,455986804181,794384707514,794384707601)
w(5203944,126957478934,356902812949,356902813037)
w(5203944,74590884636,794384707514,794384707601)
r(5203944,74590884636,356902812949,356902813038)
w(16002590,208461079889,794384707514,794384707602)
w(16002590,739317940132,356902812949,356902813038)
r(16002590,208461079889,794384707514,794384707602)
w(16002590,458040472559,794384707514,794384707603)
r(16002590,208461079889,356902812949,356902813039)
w(16002590,179496573165,794384707514,794384707603)
r(5203944,74590884636,356902812949,356902813039)
w(5203944,594387262061,794384707514,794384707604)
r(5203944,594387262061,794384707514,794384707604)
r(16002590,179496573165,356902812949,356902813040)
r(5203944,74590884636,356902812949,356902813040)
r(16002590,179496573165,794384707514,794384707605)
r(16002590,179496573165,794384707514,794384707605)
r(16002590,179496573165,356902812949,356902813041)
w(16002590,641655669045,356902812949,356902813041)
w(16002590,155597371930,356902812949,356902813042)
w(5203944,768223142408,794384707514,794384707606)
w(16002590,799815707092,356902812949,356902813042)
w(16002590,779427579116,794384707514,794384707606)
w(16002590,432604172242,356902812949,356902813043)
r(5203944,768223142408,794384707514,794384707607)
r(5203944,768223142408,356902812949,356902813043)
w(5203944,433878325372,794384707514,794384707607)
r(16002590,779427579116,794384707514,794384707608)
r(16002590,779427579116,356902812949,356902813044)
w(16002590,519762772804,356902812949,356902813044)
r(5203944,768223142408,794384707514,794384707608)
r(16002590,519762772804,356902812949,356902813045)
r(16002590,519762772804,794384707514,794384707609)
w(5203944,717511122838,356902812949,356902813045)
r(5203944,768223142408,794384707514,794384707609)
w(16002590,438755640527,356902812949,356902813046)
r(16002590,438755640527,356902812949,356902813046)
r(5203944,717511122838,794384707514,794384707610)
r(16002590,519762772804,794384707514,794384707610)
r(5203944,717511122838,356902812949,356902813047)
w(16002590,120038103350,356902812949,356902813047)
w(16002590,715053975521,794384707514,794384707611)
w(16002590,814508855444,794384707514,794384707611)
r(16002590,438755640527,356902812949,356902813048)
w(5203944,441410972948,356902812949,356902813048)
w(5203944,550480759630,794384707514,794384707612)
w(16002590,643902685497,794384707514,794384707612)
w(5203944,881881462892,356902812949,356902813049)
w(5203944,852533316163,356902812949,356902813049)
r(16002590,643902685497,794384707514,794384707613)
r(16002590,643902685497,794384707514,794384707613)
r(16002590,643902685497,356902812949,356902813050)
r(5203944,852533316163,356902812949,356902813050)
w(16002590,373099932434,794384707514,794384707614)
w(5203944,834485313628,794384707514,794384707614)
r(5203944,852533316163,356902812949,356902813051)
r(5203944,852533316163,356902812949,356902813051)
r(16002590,373099932434,794384707514,794384707615)
r(16002590,373099932434,794384707514,794384707615)
w(5203944,340388156206,356902812949,356902813052)
w(5203944,886440555106,356902812949,356902813052)
w(5203944,677207321715,356902812949,356902813053)
r(16002590,373099932434,794384707514,794384707616)
r(5203944,886440555106,794384707514,794384707616)
r(16002590,373099932434,356902812949,356902813053)
r(5203944,886440555106,794384707514,794384707617)
r(16002590,373099932434,794384707514,794384707617)
r(5203944,677207321715,356902812949,356902813054)
r(16002590,373099932434,356902812949,356902813054)
r(16002590,373099932434,794384707514,794384707618)
w(5203944,385681345227,356902812949,356902813055)
w(5203944,432668013171,794384707514,794384707618)
w(16002590,699769341698,356902812949,356902813055)
w(16002590,843646352178,794384707514,794384707619)
r(5203944,385681345227,794384707514,794384707619)
r(16002590,699769341698,356902812949,356902813056)
r(16002590,699769341698,356902812949,356902813056)
w(5203944,705606585946,794384707514,794384707620)
w(5203944,8536517379,794384707514,794384707620)
w(5203944,83914310460,356902812949,356902813057)
r(16002590,699769341698,356902812949,356902813057)
w(5203944,648232499120,794384707514,794384707621)
w(16002590,237505510672,794384707514,794384707621)
w(5203944,583404076058,794384707514,794384707622)
r(5203944,648232499120,356902812949,356902813058)
w(16002590,337898481143,794384707514,794384707622)
w(5203944,292195347621,356902812949,356902813058)
w(16002590,748394671647,794384707514,794384707623)
w(16002590,785938767521,356902812949,356902813059)
w(5203944,897472814757,794384707514,794384707623)
r(5203944,583404076058,356902812949,356902813059)
r(5203944,897472814757,794384707514,794384707624)
w(16002590,200330148354,794384707514,794384707624)
r(16002590,748394671647,356902812949,356902813060)
w(16002590,800751781776,356902812949,356902813060)
w(16002590,796388633615,794384707514,794384707625)
r(5203944,897472814757,794384707514,794384707625)
r(5203944,897472814757,356902812949,356902813061)
w(16002590,483101165463,356902812949,356902813061)
w(16002590,558681766403,356902812949,356902813062)
r(5203944,897472814757,794384707514,794384707626)
w(5203944,86554044225,794384707514,794384707626)
r(5203944,897472814757,356902812949,356902813062)
w(16002590,850965987345,794384707514,794384707627)
r(5203944,897472814757,794384707514,794384707627)
r(5203944,897472814757,356902812949,356902813063)
w(5203944,135754997085,356902812949,356902813063)
w(5203944,590471942618,794384707514,794384707628)
r(16002590,800751781776,794384707514,794384707628)
r(16002590,800751781776,356902812949,356902813064)
r(5203944,897472814757,356902812949,356902813064)
w(5203944,860109241127,794384707514,794384707629)
r(5203944,860109241127,794384707514,794384707629)
r(16002590,800751781776,356902812949,356902813065)
w(5203944,14014971632,356902812949,356902813065)
w(5203944,747777604785,794384707514,794384707630)
w(5203944,12942312680,794384707514,794384707630)
w(5203944,71229617662,356902812949,356902813066)
w(16002590,721281038414,356902812949,356902813066)
r(5203944,12942312680,794384707514,794384707631)
w(5203944,581655610970,794384707514,794384707631)
r(5203944,71229617662,356902812949,356902813067)
w(16002590,717281102647,356902812949,356902813067)
w(5203944,483696419257,794384707514,794384707632)
r(5203944,483696419257,794384707514,794384707632)
r(16002590,721281038414,356902812949,356902813068)
r(16002590,721281038414,356902812949,356902813068)
r(16002590,721281038414,794384707514,794384707633)
w(16002590,547984145854,356902812949,356902813069)
r(16002590,721281038414,794384707514,794384707633)
r(5203944,483696419257,356902812949,356902813069)
r(16002590,721281038414,794384707514,794384707634)
w(5203944,328830286819,356902812949,356902813070)
r(5203944,483696419257,794384707514,794384707634)
w(5203944,47182618142,356902812949,356902813070)
w(16002590,85031646589,794384707514,794384707635)
w(5203944,382003785302,356902812949,356902813071)
w(5203944,412775413394,794384707514,794384707635)
r(16002590,721281038414,356902812949,356902813071)
w(16002590,286908724300,794384707514,794384707636)
w(16002590,212195978549,794384707514,794384707636)
r(5203944,412775413394,356902812949,356902813072)
r(16002590,85031646589,356902812949,356902813072)
r(5203944,412775413394,794384707514,794384707637)
w(5203944,151475912748,356902812949,356902813073)
w(16002590,161207128071,356902812949,356902813073)
r(5203944,412775413394,794384707514,794384707637)
w(16002590,506870641622,356902812949,356902813074)
w(5203944,500821275730,356902812949,356902813074)
r(5203944,151475912748,794384707514,794384707638)
r(16002590,161207128071,794384707514,794384707638)
w(16002590,371506758742,356902812949,356902813075)
r(5203944,500821275730,356902812949,356902813075)
r(16002590,506870641622,794384707514,794384707639)
r(5203944,500821275730,794384707514,794384707639)
r(5203944,500821275730,356902812949,356902813076)
r(5203944,500821275730,356902812949,356902813076)
r(5203944,500821275730,794384707514,794384707640)
r(5203944,500821275730,794384707514,794384707640)
w(5203944,531348580510,356902812949,356902813077)
r(5203944,531348580510,356902812949,356902813077)
r(16002590,506870641622,794384707514,794384707641)
r(5203944,500821275730,794384707514,794384707641)
r(5203944,531348580510,356902812949,356902813078)
r(5203944,531348580510,356902812949,356902813078)
w(5203944,47885734135,794384707514,794384707642)
w(5203944,749674794877,794384707514,794384707642)
r(5203944,531348580510,356902812949,356902813079)
r(5203944,531348580510,356902812949,356902813079)
w(16002590,752211470303,794384707514,794384707643)
r(16002590,752211470303,794384707514,794384707643)
w(16002590,361337052454,356902812949,356902813080)
w(5203944,718468836949,356902812949,356902813080)
w(16002590,917340645392,794384707514,794384707644)
w(5203944,57346974980,794384707514,794384707644)
w(16002590,861149206812,356902812949,356902813081)
w(5203944,347687933834,356902812949,356902813081)
r(16002590,917340645392,794384707514,794384707645)
w(16002590,705323391536,794384707514,794384707645)
r(5203944,347687933834,356902812949,356902813082)
r(5203944,347687933834,356902812949,356902813082)
r(16002590,861149206812,794384707514,794384707646)
w(5203944,87156266061,794384707514,794384707646)
w(5203944,749002804066,356902812949,356902813083)
w(16002590,586839825982,356902812949,356902813083)
w(5203944,27016554684,794384707514,794384707647)
r(16002590,861149206812,794384707514,794384707647)
w(16002590,481302317161,356902812949,356902813084)
w(5203944,667541334223,356902812949,356902813084)
w(16002590,107612400846,356902812949,356902813085)
r(16002590,481302317161,794384707514,794384707648)
r(16002590,107612400846,356902812949,356902813085)
w(16002590,313865968893,794384707514,794384707648)
r(5203944,667541334223,794384707514,794384707649)
r(5203944,667541334223,356902812949,356902813086)
w(5203944,572846469301,356902812949,356902813086)
r(5203944,667541334223,794384707514,794384707649)
w(16002590,578995869263,356902812949,356902813087)
w(5203944,484574030648,356902812949,356902813087)
r(5203944,667541334223,794384707514,794384707650)
w(5203944,644975074420,794384707514,794384707650)
r(5203944,484574030648,356902812949,356902813088)
r(16002590,578995869263,794384707514,794384707651)
r(16002590,578995869263,356902812949,356902813088)
w(5203944,673168943805,794384707514,794384707651)
w(16002590,614738685526,356902812949,356902813089)
r(16002590,614738685526,356902812949,356902813089)
r(16002590,578995869263,794384707514,794384707652)
w(16002590,444137866046,794384707514,794384707652)
r(16002590,614738685526,356902812949,356902813090)
r(16002590,614738685526,794384707514,794384707653)
r(5203944,673168943805,356902812949,356902813090)
w(5203944,816314609839,794384707514,794384707653)
r(16002590,614738685526,356902812949,356902813091)
r(5203944,816314609839,794384707514,794384707654)
w(16002590,157174745864,794384707514,794384707654)
r(16002590,614738685526,356902812949,356902813091)
w(5203944,446102135043,794384707514,794384707655)
r(16002590,614738685526,356902812949,356902813092)
w(5203944,594939790142,794384707514,794384707655)
w(16002590,181499507787,356902812949,356902813092)
w(5203944,741223579576,794384707514,794384707656)
w(16002590,412902882546,794384707514,794384707656)
r(16002590,181499507787,356902812949,356902813093)
r(5203944,594939790142,356902812949,356902813093)
r(16002590,412902882546,794384707514,794384707657)
w(5203944,593842999705,794384707514,794384707657)
r(5203944,741223579576,356902812949,356902813094)
w(5203944,362835561922,356902812949,356902813094)
r(5203944,593842999705,794384707514,794384707658)
w(16002590,880015524062,356902812949,356902813095)
r(16002590,412902882546,794384707514,794384707658)
w(5203944,86072679378,356902812949,356902813095)
w(5203944,786506548714,356902812949,356902813096)
r(16002590,880015524062,794384707514,794384707659)
w(16002590,385871492295,356902812949,356902813096)
w(16002590,819326453164,794384707514,794384707659)
w(5203944,356430108427,794384707514,794384707660)
w(5203944,849414732494,356902812949,356902813097)
r(5203944,356430108427,794384707514,794384707660)
r(5203944,849414732494,356902812949,356902813097)
w(16002590,775155998472,356902812949,356902813098)
r(5203944,356430108427,794384707514,794384707661)
r(16002590,775155998472,356902812949,356902813098)
w(5203944,878635280288,794384707514,794384707661)
w(16002590,710460512522,794384707514,794384707662)
r(5203944,849414732494,356902812949,356902813099)
w(5203944,32827036228,794384707514,794384707662)
r(5203944,849414732494,356902812949,356902813099)
r(16002590,710460512522,794384707514,794384707663)
r(16002590,710460512522,356902812949,356902813100)
r(5203944,32827036228,794384707514,794384707663)
w(16002590,180080088013,356902812949,356902813100)
w(5203944,404525826083,356902812949,356902813101)
r(5203944,32827036228,794384707514,794384707664)
r(5203944,404525826083,356902812949,356902813101)
r(16002590,180080088013,794384707514,794384707664)
r(5203944,404525826083,356902812949,356902813102)
r(5203944,404525826083,794384707514,794384707665)
w(5203944,640022563508,356902812949,356902813102)
r(16002590,180080088013,794384707514,794384707665)
r(5203944,404525826083,356902812949,356902813103)
r(5203944,404525826083,794384707514,794384707666)
r(16002590,180080088013,356902812949,356902813103)
w(5203944,154582646098,794384707514,794384707666)
w(16002590,63301565311,356902812949,356902813104)
w(5203944,110117663492,794384707514,794384707667)
r(5203944,110117663492,794384707514,794384707667)
w(5203944,46298138543,356902812949,356902813104)
r(16002590,63301565311,356902812949,356902813105)
w(16002590,701760306115,794384707514,794384707668)
w(16002590,633651035435,356902812949,356902813105)
r(5203944,46298138543,794384707514,794384707668)
r(5203944,46298138543,794384707514,794384707669)
r(16002590,633651035435,356902812949,356902813106)
w(5203944,172749926047,794384707514,794384707669)
r(5203944,46298138543,356902812949,356902813106)
r(5203944,46298138543,794384707514,794384707670)
w(5203944,190845827194,356902812949,356902813107)
w(5203944,453589917920,356902812949,356902813107)
r(5203944,46298138543,794384707514,794384707670)
w(16002590,239373184360,794384707514,794384707671)
r(5203944,453589917920,356902812949,356902813108)
w(5203944,540899964890,794384707514,794384707671)
r(5203944,453589917920,356902812949,356902813108)
r(16002590,239373184360,794384707514,794384707672)
w(16002590,403142890892,794384707514,794384707672)
r(5203944,540899964890,356902812949,356902813109)
r(16002590,239373184360,356902812949,356902813109)
w(16002590,756787682109,794384707514,794384707673)
w(5203944,407870815091,794384707514,794384707673)
w(16002590,687508230111,356902812949,356902813110)
r(16002590,687508230111,356902812949,356902813110)
r(16002590,756787682109,794384707514,794384707674)
w(16002590,915446344307,794384707514,794384707674)
w(5203944,512044433925,356902812949,356902813111)
w(5203944,181653295223,356902812949,356902813111)
w(5203944,4406962103,794384707514,794384707675)
w(5203944,721771617729,794384707514,794384707675)
r(5203944,181653295223,356902812949,356902813112)
w(5203944,397889360880,794384707514,794384707676)
r(16002590,687508230111,356902812949,356902813112)
w(16002590,261873468829,794384707514,794384707676)
r(5203944,721771617729,356902812949,356902813113)
w(16002590,635215995144,794384707514,794384707677)
r(16002590,635215995144,794384707514,794384707677)
w(16002590,591374702179,356902812949,356902813113)
w(5203944,761732961933,356902812949,356902813114)
r(16002590,635215995144,794384707514,794384707678)
r(5203944,761732961933,356902812949,356902813114)
w(16002590,428306234100,794384707514,794384707678)
w(5203944,167971713156,356902812949,356902813115)
w(5203944,699369043812,356902812949,356902813115)
r(16002590,428306234100,794384707514,794384707679)
r(16002590,428306234100,794384707514,794384707679)
w(16002590,162824079192,356902812949,356902813116)
r(16002590,162824079192,356902812949,356902813116)
w(5203944,797161802415,794384707514,794384707680)
w(16002590,165270677822,794384707514,794384707680)
r(16002590,162824079192,356902812949,356902813117)
w(5203944,840300899814,356902812949,356902813117)
w(5203944,911184909656,794384707514,794384707681)
r(5203944,911184909656,794384707514,794384707681)
r(5203944,797161802415,356902812949,356902813118)
r(16002590,165270677822,356902812949,356902813118)
r(5203944,911184909656,794384707514,794384707682)
w(5203944,145528424592,794384707514,794384707682)
r(16002590,165270677822,356902812949,356902813119)
w(16002590,58994038965,356902812949,356902813119)
w(16002590,374801024052,794384707514,794384707683)
r(16002590,374801024052,794384707514,794384707683)
r(16002590,58994038965,356902812949,356902813120)
w(5203944,413090721168,356902812949,356902813120)
r(5203944,911184909656,794384707514,794384707684)
w(5203944,463557600522,794384707514,794384707684)
w(5203944,59084204641,356902812949,356902813121)
w(5203944,3408430120,794384707514,794384707685)
r(16002590,374801024052,356902812949,356902813121)
r(16002590,374801024052,794384707514,794384707685)
r(5203944,3408430120,794384707514,794384707686)
r(16002590,374801024052,356902812949,356902813122)
w(16002590,779263401532,794384707514,794384707686)
r(16002590,374801024052,356902812949,356902813122)
w(5203944,434894317918,794384707514,794384707687)
w(5203944,915520324131,794384707514,794384707687)
r(16002590,374801024052,356902812949,356902813123)
r(5203944,3408430120,356902812949,356902813123)
w(16002590,377369246644,794384707514,794384707688)
w(16002590,186355148323,794384707514,794384707688)
r(5203944,915520324131,356902812949,356902813124)
r(5203944,915520324131,794384707514,794384707689)
r(5203944,915520324131,356902812949,356902813124)
r(5203944,915520324131,794384707514,794384707689)
w(5203944,875392112256,356902812949,356902813125)
w(5203944,116592755848,356902812949,356902813125)
r(5203944,915520324131,794384707514,794384707690)
r(16002590,186355148323,794384707514,794384707690)
w(16002590,420989887583,356902812949,356902813126)
r(16002590,420989887583,356902812949,356902813126)
w(5203944,18480625512,356902812949,356902813127)
w(16002590,122586942009,794384707514,794384707691)
w(5203944,157727492227,356902812949,356902813127)
r(5203944,116592755848,794384707514,794384707691)
w(5203944,867282277263,356902812949,356902813128)
w(5203944,905327926506,356902812949,356902813128)
r(5203944,157727492227,794384707514,794384707692)
r(5203944,157727492227,794384707514,794384707692)
r(5203944,905327926506,356902812949,356902813129)
r(16002590,420989887583,356902812949,356902813129)
r(16002590,420989887583,794384707514,794384707693)
w(16002590,572149131177,794384707514,794384707693)
r(5203944,905327926506,356902812949,356902813130)
w(16002590,472851956152,356902812949,356902813130)
w(5203944,828683699919,794384707514,794384707694)
w(5203944,838529878624,356902812949,356902813131)
w(16002590,806816457510,794384707514,794384707694)
r(5203944,838529878624,356902812949,356902813131)
w(16002590,554758764247,356902812949,356902813132)
r(5203944,838529878624,794384707514,794384707695)
w(5203944,28015140475,356902812949,356902813132)
w(5203944,496663798893,794384707514,794384707695)
w(16002590,324443941519,356902812949,356902813133)
w(5203944,749260643661,356902812949,356902813133)
r(5203944,28015140475,794384707514,794384707696)
w(5203944,291395362586,794384707514,794384707696)
r(5203944,749260643661,794384707514,794384707697)
r(16002590,324443941519,356902812949,356902813134)
w(16002590,304415886712,794384707514,794384707697)
r(16002590,324443941519,356902812949,356902813134)
w(5203944,539112039844,794384707514,794384707698)
w(5203944,367308829501,794384707514,794384707698)
r(16002590,324443941519,356902812949,356902813135)
r(16002590,324443941519,356902812949,356902813135)
w(16002590,449239155710,794384707514,794384707699)
w(5203944,98489977288,794384707514,794384707699)
r(16002590,324443941519,356902812949,356902813136)
r(5203944,98489977288,794384707514,794384707700)
w(5203944,260760321522,356902812949,356902813136)
w(16002590,852901837581,794384707514,794384707700)
r(16002590,449239155710,794384707514,794384707701)
r(5203944,98489977288,356902812949,356902813137)
w(16002590,43955542032,794384707514,794384707701)
r(5203944,98489977288,356902812949,356902813137)
w(5203944,250277581577,356902812949,356902813138)
r(5203944,98489977288,794384707514,794384707702)
w(5203944,587192445226,356902812949,356902813138)
r(16002590,43955542032,794384707514,794384707702)
w(16002590,682157268162,794384707514,794384707703)
r(16002590,682157268162,794384707514,794384707703)
r(5203944,587192445226,356902812949,356902813139)
w(16002590,164245216787,356902812949,356902813139)
w(5203944,403849830239,794384707514,794384707704)
r(16002590,682157268162,794384707514,794384707704)
w(16002590,825028439392,356902812949,356902813140)
r(5203944,587192445226,356902812949,356902813140)
w(5203944,642737269841,794384707514,794384707705)
w(16002590,179452849898,794384707514,794384707705)
w(16002590,717607538250,356902812949,356902813141)
w(5203944,442799463612,356902812949,356902813141)
r(16002590,179452849898,794384707514,794384707706)
r(16002590,179452849898,794384707514,794384707706)
r(5203944,442799463612,356902812949,356902813142)
w(5203944,631898099638,794384707514,794384707707)
r(5203944,442799463612,356902812949,356902813142)
r(5203944,631898099638,794384707514,794384707707)
w(16002590,154786811549,794384707514,794384707708)
w(16002590,129137223851,794384707514,794384707708)
r(16002590,717607538250,356902812949,356902813143)
w(5203944,605838902986,356902812949,356902813143)
r(16002590,129137223851,794384707514,794384707709)
r(5203944,631898099638,356902812949,356902813144)
r(5203944,631898099638,794384707514,794384707709)
r(16002590,129137223851,356902812949,356902813144)
w(5203944,832080527103,794384707514,794384707710)
r(5203944,832080527103,794384707514,794384707710)
w(16002590,845513445866,356902812949,356902813145)
r(5203944,631898099638,356902812949,356902813145)
w(16002590,601600486036,794384707514,794384707711)
r(16002590,601600486036,794384707514,794384707711)
w(16002590,487552568844,794384707514,794384707712)
r(16002590,601600486036,356902812949,356902813146)
r(16002590,487552568844,794384707514,794384707712)
w(16002590,855687765311,356902812949,356902813146)
w(5203944,794082777665,356902812949,356902813147)
r(5203944,794082777665,356902812949,356902813147)
r(5203944,832080527103,794384707514,794384707713)
w(5203944,611774296857,794384707514,794384707713)
r(16002590,487552568844,356902812949,356902813148)
r(16002590,487552568844,794384707514,794384707714)
r(5203944,794082777665,356902812949,356902813148)
r(5203944,794082777665,794384707514,794384707714)
w(16002590,888867047553,356902812949,356902813149)
w(16002590,746196300467,356902812949,356902813149)
r(5203944,794082777665,794384707514,794384707715)
w(16002590,596962325972,794384707514,794384707715)
r(16002590,746196300467,356902812949,356902813150)
r(5203944,794082777665,794384707514,794384707716)
r(16002590,746196300467,356902812949,356902813150)
w(5203944,480684860819,794384707514,794384707716)
r(16002590,746196300467,356902812949,356902813151)
r(16002590,746196300467,794384707514,794384707717)
w(16002590,516994718710,794384707514,794384707717)
w(5203944,399378583218,356902812949,356902813151)
w(16002590,605968094211,794384707514,794384707718)
w(16002590,216958071256,794384707514,794384707718)
r(16002590,516994718710,356902812949,356902813152)
w(5203944,217726946344,356902812949,356902813152)
w(5203944,11815948106,794384707514,794384707719)
w(5203944,894812142541,356902812949,356902813153)
r(5203944,894812142541,356902812949,356902813153)
r(16002590,216958071256,794384707514,794384707719)
w(16002590,851995815359,794384707514,794384707720)
w(16002590,376958270008,794384707514,794384707720)
r(5203944,11815948106,356902812949,356902813154)
r(5203944,11815948106,356902812949,356902813154)
w(16002590,533312653322,794384707514,794384707721)
w(16002590,702598300469,356902812949,356902813155)
r(5203944,11815948106,794384707514,794384707721)
r(5203944,11815948106,356902812949,356902813155)
r(16002590,376958270008,794384707514,794384707722)
w(16002590,204265953256,794384707514,794384707722)
r(5203944,11815948106,356902812949,356902813156)
w(16002590,851508333969,356902812949,356902813156)
r(16002590,204265953256,356902812949,356902813157)
r(16002590,204265953256,794384707514,794384707723)
w(16002590,122620397712,356902812949,356902813157)
r(16002590,204265953256,794384707514,794384707723)
w(16002590,327490679855,794384707514,794384707724)
w(5203944,881759381254,794384707514,794384707724)
r(5203944,11815948106,356902812949,356902813158)
r(5203944,11815948106,356902812949,356902813158)
w(16002590,166962168168,794384707514,794384707725)
r(16002590,166962168168,794384707514,794384707725)
r(16002590,166962168168,356902812949,356902813159)
r(16002590,166962168168,794384707514,794384707726)
w(5203944,816608852463,794384707514,794384707726)
r(5203944,881759381254,356902812949,356902813159)
r(16002590,166962168168,794384707514,794384707727)
r(16002590,166962168168,356902812949,356902813160)
r(5203944,816608852463,794384707514,794384707727)
w(16002590,44615082152,356902812949,356902813160)
w(5203944,209202992073,794384707514,794384707728)
w(5203944,881015605447,794384707514,794384707728)
r(5203944,816608852463,356902812949,356902813161)
w(5203944,557144372842,356902812949,356902813161)
w(5203944,423599164710,356902812949,356902813162)
r(16002590,44615082152,794384707514,794384707729)
w(16002590,85382981735,794384707514,794384707729)
w(5203944,906823907377,356902812949,356902813162)
r(16002590,44615082152,356902812949,356902813163)
r(5203944,906823907377,356902812949,356902813163)
r(5203944,906823907377,794384707514,794384707730)
r(16002590,85382981735,794384707514,794384707730)
w(5203944,407931818313,794384707514,794384707731)
r(16002590,85382981735,356902812949,356902813164)
w(16002590,701534921865,794384707514,794384707731)
w(5203944,859974945350,356902812949,356902813164)
r(5203944,407931818313,356902812949,356902813165)
r(16002590,701534921865,794384707514,794384707732)
w(16002590,682475898200,356902812949,356902813165)
r(5203944,407931818313,794384707514,794384707732)
w(5203944,859838009286,794384707514,794384707733)
r(5203944,407931818313,356902812949,356902813166)
w(16002590,399054172409,356902812949,356902813166)
r(5203944,859838009286,794384707514,794384707733)
w(16002590,870139266778,356902812949,356902813167)
r(16002590,870139266778,356902812949,356902813167)
r(16002590,701534921865,794384707514,794384707734)
w(5203944,166939736563,794384707514,794384707734)
w(5203944,369518588281,794384707514,794384707735)
r(16002590,870139266778,356902812949,356902813168)
w(16002590,275716303730,794384707514,794384707735)
r(5203944,859838009286,356902812949,356902813168)
r(16002590,275716303730,356902812949,356902813169)
r(16002590,275716303730,794384707514,794384707736)
w(5203944,418656547964,356902812949,356902813169)
r(5203944,369518588281,794384707514,794384707736)
r(16002590,275716303730,356902812949,356902813170)
r(5203944,418656547964,794384707514,794384707737)
w(5203944,578925510567,794384707514,794384707737)
r(5203944,418656547964,356902812949,356902813170)
r(5203944,418656547964,794384707514,794384707738)
r(5203944,418656547964,356902812949,356902813171)
w(5203944,417658684154,356902812949,356902813171)
r(16002590,275716303730,794384707514,794384707738)
r(5203944,418656547964,794384707514,794384707739)
w(16002590,508410355789,356902812949,356902813172)
w(5203944,552660409745,356902812949,356902813172)
r(16002590,275716303730,794384707514,794384707739)
w(16002590,884474955670,356902812949,356902813173)
w(16002590,747213487299,794384707514,794384707740)
r(16002590,884474955670,356902812949,356902813173)
r(16002590,747213487299,794384707514,794384707740)
w(5203944,837139186373,794384707514,794384707741)
r(16002590,747213487299,356902812949,356902813174)
w(5203944,236485420845,794384707514,794384707741)
w(5203944,919808406986,356902812949,356902813174)
w(16002590,165775810497,356902812949,356902813175)
w(16002590,72197588188,356902812949,356902813175)
w(5203944,281513218950,794384707514,794384707742)
r(16002590,747213487299,794384707514,794384707742)
r(5203944,236485420845,356902812949,356902813176)
r(5203944,236485420845,356902812949,356902813176)
r(16002590,72197588188,794384707514,794384707743)
w(16002590,871221375381,794384707514,794384707743)
r(16002590,72197588188,356902812949,356902813177)
w(16002590,449642263016,356902812949,356902813177)
r(16002590,871221375381,794384707514,794384707744)
r(5203944,236485420845,794384707514,794384707744)
w(5203944,557282492946,356902812949,356902813178)
r(5203944,236485420845,794384707514,794384707745)
r(16002590,871221375381,356902812949,356902813178)
r(16002590,871221375381,794384707514,794384707745)
w(16002590,782859280269,356902812949,356902813179)
w(16002590,765869630555,794384707514,794384707746)
w(5203944,424834030885,356902812949,356902813179)
r(5203944,557282492946,794384707514,794384707746)
r(5203944,424834030885,356902812949,356902813180)
r(5203944,424834030885,794384707514,794384707747)
w(5203944,654801684558,356902812949,356902813180)
r(5203944,424834030885,794384707514,794384707747)
r(5203944,424834030885,356902812949,356902813181)
w(5203944,314914725334,794384707514,794384707748)
w(16002590,376527815561,794384707514,794384707748)
r(5203944,424834030885,356902812949,356902813181)
r(16002590,376527815561,794384707514,794384707749)
r(16002590,376527815561,356902812949,356902813182)
w(5203944,597903438222,794384707514,794384707749)
r(16002590,376527815561,356902812949,356902813182)
r(5203944,597903438222,794384707514,794384707750)
w(5203944,200059838419,794384707514,794384707750)
r(5203944,597903438222,356902812949,356902813183)
r(16002590,376527815561,356902812949,356902813183)
w(16002590,258359930047,794384707514,794384707751)
r(16002590,258359930047,794384707514,794384707751)
r(16002590,376527815561,356902812949,356902813184)
r(5203944,597903438222,356902812949,356902813184)
r(16002590,258359930047,794384707514,794384707752)
w(16002590,829977996054,794384707514,794384707752)
w(5203944,867384239143,356902812949,356902813185)
w(16002590,114574484659,356902812949,356902813185)
r(16002590,829977996054,794384707514,794384707753)
r(16002590,114574484659,356902812949,356902813186)
w(16002590,445545991415,794384707514,794384707753)
w(16002590,174787189723,356902812949,356902813186)
w(5203944,779272761279,356902812949,356902813187)
r(16002590,174787189723,794384707514,794384707754)
w(16002590,589627111301,356902812949,356902813187)
r(16002590,174787189723,794384707514,794384707754)
w(5203944,17190961961,356902812949,356902813188)
r(5203944,779272761279,794384707514,794384707755)
r(16002590,589627111301,356902812949,356902813188)
r(16002590,589627111301,794384707514,794384707755)
w(16002590,370493474144,356902812949,356902813189)
r(5203944,17190961961,356902812949,356902813189)
w(16002590,53871518984,794384707514,794384707756)
r(16002590,53871518984,794384707514,794384707756)
r(16002590,589627111301,356902812949,356902813190)
w(16002590,467677723545,794384707514,794384707757)
w(16002590,637474924537,356902812949,356902813190)
w(5203944,780742080462,794384707514,794384707757)
w(16002590,625585277422,356902812949,356902813191)
r(5203944,780742080462,794384707514,794384707758)
r(5203944,780742080462,356902812949,356902813191)
w(16002590,405569242536,794384707514,794384707758)
r(5203944,780742080462,356902812949,356902813192)
r(5203944,780742080462,794384707514,794384707759)
w(5203944,534407403871,356902812949,356902813192)
w(5203944,437773220431,794384707514,794384707759)
w(5203944,537175145361,356902812949,356902813193)
r(16002590,467677723545,356902812949,356902813193)
r(16002590,467677723545,794384707514,794384707760)
r(5203944,780742080462,794384707514,794384707760)
w(5203944,142458831998,356902812949,356902813194)
w(16002590,12811139038,356902812949,356902813194)
w(5203944,902014528854,794384707514,794384707761)
r(16002590,467677723545,794384707514,794384707761)
r(5203944,142458831998,356902812949,356902813195)
r(5203944,142458831998,356902812949,356902813195)
r(5203944,142458831998,794384707514,794384707762)
w(5203944,844882940021,794384707514,794384707762)
r(5203944,142458831998,356902812949,356902813196)
r(16002590,12811139038,356902812949,356902813196)
r(5203944,142458831998,794384707514,794384707763)
w(16002590,790806795220,794384707514,794384707763)
r(5203944,142458831998,356902812949,356902813197)
r(5203944,142458831998,794384707514,794384707764)
r(16002590,12811139038,356902812949,356902813197)
r(5203944,142458831998,794384707514,794384707764)
w(5203944,93634774756,356902812949,356902813198)
w(16002590,111872434770,356902812949,356902813198)
r(16002590,12811139038,794384707514,794384707765)
w(5203944,363364323992,794384707514,794384707765)
w(5203944,630258011661,356902812949,356902813199)
w(5203944,62309963879,356902812949,356902813199)
w(16002590,94614324570,794384707514,794384707766)
r(16002590,94614324570,794384707514,794384707766)
w(5203944,273801960061,356902812949,356902813200)
w(16002590,36392236426,356902812949,356902813200)
w(16002590,116067610109,794384707514,794384707767)
r(16002590,36392236426,356902812949,356902813201)
w(5203944,545274515329,356902812949,356902813201)
r(5203944,273801960061,794384707514,794384707767)
r(16002590,36392236426,356902812949,356902813202)
r(16002590,36392236426,356902812949,356902813202)
r(5203944,545274515329,794384707514,794384707768)
w(16002590,376643317802,794384707514,794384707768)
w(16002590,735150505698,356902812949,356902813203)
r(5203944,545274515329,356902812949,356902813203)
r(16002590,36392236426,794384707514,794384707769)
r(16002590,36392236426,794384707514,794384707769)
r(5203944,545274515329,356902812949,356902813204)
w(16002590,465372318457,356902812949,356902813204)
w(5203944,827828388346,794384707514,794384707770)
r(16002590,36392236426,794384707514,794384707770)
r(16002590,36392236426,356902812949,356902813205)
w(16002590,553234029466,356902812949,356902813205)
r(16002590,36392236426,794384707514,794384707771)
w(5203944,804146341141,356902812949,356902813206)
w(16002590,333155871344,794384707514,794384707771)
r(16002590,553234029466,356902812949,356902813206)
w(5203944,911695474041,794384707514,794384707772)
w(16002590,371911984013,794384707514,794384707772)
r(5203944,804146341141,356902812949,356902813207)
r(16002590,553234029466,356902812949,356902813207)
r(16002590,371911984013,794384707514,794384707773)
w(16002590,335754895038,794384707514,794384707773)
r(5203944,911695474041,356902812949,356902813208)
w(16002590,167764868525,356902812949,356902813208)
w(5203944,285478479341,794384707514,794384707774)
w(16002590,61464476420,794384707514,794384707774)
r(16002590,335754895038,356902812949,356902813209)
r(5203944,911695474041,356902812949,356902813209)
w(16002590,81912180303,794384707514,794384707775)
w(5203944,356932091279,794384707514,794384707775)
w(16002590,800744624757,356902812949,356902813210)
w(5203944,901573356819,356902812949,356902813210)
r(5203944,356932091279,794384707514,794384707776)
w(5203944,308456592101,794384707514,794384707776)
r(5203944,901573356819,356902812949,356902813211)
r(16002590,800744624757,356902812949,356902813211)
w(16002590,395615389412,794384707514,794384707777)
r(16002590,395615389412,794384707514,794384707777)
w(16002590,682021147622,794384707514,794384707778)
r(5203944,901573356819,356902812949,356902813212)
w(5203944,305876976194,356902812949,356902813212)
w(5203944,791848542779,794384707514,794384707778)
w(5203944,250469380784,356902812949,356902813213)
r(5203944,791848542779,794384707514,794384707779)
w(5203944,107516759791,356902812949,356902813213)
r(5203944,791848542779,794384707514,794384707779)
r(16002590,682021147622,356902812949,356902813214)
w(5203944,36104750632,356902812949,356902813214)
r(5203944,107516759791,794384707514,794384707780)
w(16002590,728585794241,794384707514,794384707780)
r(5203944,36104750632,356902812949,356902813215)
w(16002590,920382763244,356902812949,356902813215)
r(5203944,36104750632,794384707514,794384707781)
r(5203944,36104750632,794384707514,794384707781)
w(5203944,609940785954,356902812949,356902813216)
r(16002590,682021147622,356902812949,356902813216)
w(5203944,834716064114,794384707514,794384707782)
r(16002590,682021147622,794384707514,794384707782)
r(16002590,682021147622,356902812949,356902813217)
w(5203944,875994908893,356902812949,356902813217)
w(16002590,67123455184,794384707514,794384707783)
w(16002590,455489557661,794384707514,794384707783)
r(5203944,875994908893,356902812949,356902813218)
r(5203944,875994908893,356902812949,356902813218)
r(5203944,875994908893,794384707514,794384707784)
r(16002590,455489557661,794384707514,794384707784)
r(16002590,455489557661,356902812949,356902813219)
r(5203944,875994908893,356902812949,356902813219)
w(16002590,110166365370,794384707514,794384707785)
w(16002590,371762249308,794384707514,794384707785)
w(16002590,532395678992,356902812949,356902813220)
w(5203944,583237010947,356902812949,356902813220)
w(16002590,20949155406,794384707514,794384707786)
r(16002590,20949155406,794384707514,794384707786)
w(16002590,754989051094,356902812949,356902813221)
w(5203944,414374031325,794384707514,794384707787)
r(5203944,583237010947,356902812949,356902813221)
r(5203944,414374031325,794384707514,794384707787)
r(5203944,583237010947,356902812949,356902813222)
w(16002590,721318404506,794384707514,794384707788)
r(5203944,583237010947,356902812949,356902813222)
r(5203944,414374031325,794384707514,794384707788)
w(16002590,825563617492,356902812949,356902813223)
w(16002590,181090061784,794384707514,794384707789)
w(5203944,780604537233,356902812949,356902813223)
r(5203944,414374031325,794384707514,794384707789)
r(16002590,825563617492,356902812949,356902813224)
w(5203944,575857130466,356902812949,356902813224)
w(16002590,119613287614,794384707514,794384707790)
w(5203944,182128388803,794384707514,794384707790)
w(5203944,622874057942,356902812949,356902813225)
r(5203944,622874057942,356902812949,356902813225)
r(5203944,182128388803,794384707514,794384707791)
r(5203944,182128388803,794384707514,794384707791)
w(5203944,587355876211,356902812949,356902813226)
r(5203944,587355876211,356902812949,356902813226)
w(16002590,31737809597,794384707514,794384707792)
w(16002590,526587642698,794384707514,794384707792)
r(5203944,587355876211,356902812949,356902813227)
r(5203944,587355876211,356902812949,356902813227)
r(5203944,587355876211,794384707514,794384707793)
w(5203944,474678055768,356902812949,356902813228)
w(16002590,91084105872,356902812949,356902813228)
r(16002590,526587642698,794384707514,794384707793)
w(16002590,83076056060,356902812949,356902813229)
w(5203944,367131264489,794384707514,794384707794)
r(5203944,474678055768,356902812949,356902813229)
w(5203944,162403693731,794384707514,794384707794)
w(5203944,740108500009,794384707514,794384707795)
w(5203944,800266717859,356902812949,356902813230)
w(5203944,64418095162,794384707514,794384707795)
w(5203944,505868950600,356902812949,356902813230)
w(16002590,221341422986,356902812949,356902813231)
r(16002590,91084105872,794384707514,794384707796)
w(5203944,135269166491,794384707514,794384707796)
r(5203944,505868950600,356902812949,356902813231)
r(16002590,91084105872,356902812949,356902813232)
w(5203944,280607061447,794384707514,794384707797)
r(5203944,135269166491,356902812949,356902813232)
r(16002590,91084105872,794384707514,794384707797)
w(16002590,109214972729,356902812949,356902813233)
r(5203944,280607061447,356902812949,356902813233)
r(16002590,91084105872,794384707514,794384707798)
r(5203944,280607061447,794384707514,794384707798)
w(16002590,147892492936,356902812949,356902813234)
w(5203944,497555154065,356902812949,356902813234)
w(16002590,672328189325,794384707514,794384707799)
w(16002590,358911965169,794384707514,794384707799)
w(16002590,408858875739,356902812949,356902813235)
w(5203944,497270898040,356902812949,356902813235)
r(5203944,497555154065,794384707514,794384707800)
r(5203944,497270898040,356902812949,356902813236)
w(5203944,73446225507,356902812949,356902813236)
r(16002590,408858875739,794384707514,794384707800)
w(5203944,835110106504,356902812949,356902813237)
w(16002590,169989657055,356902812949,356902813237)
w(16002590,153559159430,794384707514,794384707801)
r(5203944,835110106504,356902812949,356902813238)
r(5203944,835110106504,794384707514,794384707801)
r(16002590,169989657055,356902812949,356902813238)
w(16002590,594799464014,794384707514,794384707802)
r(5203944,835110106504,794384707514,794384707802)
r(5203944,835110106504,356902812949,356902813239)
r(16002590,169989657055,356902812949,356902813239)
w(5203944,865983741857,794384707514,794384707803)
w(16002590,846169752181,794384707514,794384707803)
r(16002590,169989657055,356902812949,356902813240)
w(16002590,468474624779,356902812949,356902813240)
r(5203944,865983741857,794384707514,794384707804)
w(16002590,70113904515,794384707514,794384707804)
r(5203944,865983741857,356902812949,356902813241)
w(16002590,740698702182,356902812949,356902813241)
w(16002590,25988747150,794384707514,794384707805)
w(16002590,590346179622,794384707514,794384707805)
w(5203944,763761195069,356902812949,356902813242)
r(5203944,763761195069,356902812949,356902813242)
r(16002590,590346179622,794384707514,794384707806)
r(16002590,590346179622,356902812949,356902813243)
r(16002590,590346179622,794384707514,794384707806)
r(16002590,590346179622,356902812949,356902813243)
w(5203944,225393959806,794384707514,794384707807)
w(16002590,838035292265,794384707514,794384707807)
r(5203944,763761195069,356902812949,356902813244)
w(16002590,598452947462,356902812949,356902813244)
w(5203944,797371829946,794384707514,794384707808)
r(16002590,838035292265,794384707514,794384707808)
r(16002590,838035292265,356902812949,356902813245)
r(5203944,225393959806,356902812949,356902813245)
r(16002590,838035292265,794384707514,794384707809)
w(16002590,884959360393,794384707514,794384707809)
w(5203944,358955355783,356902812949,356902813246)
w(5203944,319609872413,356902812949,356902813246)
w(5203944,145522900148,794384707514,794384707810)
w(5203944,37016002654,794384707514,794384707810)
r(5203944,37016002654,356902812949,356902813247)
r(16002590,884959360393,794384707514,794384707811)
w(16002590,316554783788,356902812949,356902813247)
r(16002590,884959360393,794384707514,794384707811)
w(5203944,48939549365,356902812949,356902813248)
w(16002590,301437613518,356902812949,356902813248)
w(16002590,869152529806,794384707514,794384707812)
w(16002590,323003302025,794384707514,794384707812)
r(16002590,301437613518,356902812949,356902813249)
r(16002590,323003302025,794384707514,794384707813)
w(16002590,71709807616,356902812949,356902813249)
r(5203944,48939549365,794384707514,794384707813)
r(5203944,48939549365,356902812949,356902813250)
r(16002590,323003302025,794384707514,794384707814)
w(16002590,62020076681,356902812949,356902813250)
w(5203944,52851536201,794384707514,794384707814)
r(5203944,52851536201,356902812949,356902813251)
r(5203944,52851536201,794384707514,794384707815)
w(16002590,47770594773,356902812949,356902813251)
r(16002590,323003302025,794384707514,794384707815)
w(16002590,225149278721,356902812949,356902813252)
w(16002590,336611514565,356902812949,356902813252)
w(16002590,441363323491,794384707514,794384707816)
r(16002590,441363323491,794384707514,794384707816)
r(16002590,336611514565,356902812949,356902813253)
r(16002590,336611514565,356902812949,356902813253)
w(16002590,679952602999,794384707514,794384707817)
r(5203944,52851536201,794384707514,794384707817)
r(5203944,52851536201,356902812949,356902813254)
r(5203944,52851536201,794384707514,794384707818)
r(5203944,52851536201,356902812949,356902813254)
w(16002590,115024651163,794384707514,794384707818)
