w(3962111,383505884606,889637355018,889637355019)
w(11402576,10628393480,889637355018,889637355020)
r(11402576,10628393480,318655688268,318655688269)
w(3962111,798534182878,318655688268,318655688269)
w(3962111,702955028300,376709210258,376709210259)
r(3962111,702955028300,376709210258,376709210259)
r(11402576,10628393480,318655688268,318655688270)
w(11402576,564273026105,779936884092,779936884093)
w(3962111,638003724039,779936884092,779936884093)
r(3962111,383505884606,391701941166,391701941167)
r(11402576,10628393480,318655688268,318655688270)
w(11402576,609751044963,318655688268,318655688271)
r(3962111,383505884606,391701941166,391701941167)
r(3962111,798534182878,318655688268,318655688271)
w(3962111,643439347656,376709210258,376709210260)
r(3962111,643439347656,376709210258,376709210260)
w(11402576,378384087975,391701941166,391701941168)
r(11402576,609751044963,318655688268,318655688272)
r(3962111,702955028300,318655688268,318655688272)
w(11402576,860058598435,376709210258,376709210261)
r(3962111,702955028300,391701941166,391701941168)
w(3962111,178008083351,318655688268,318655688273)
r(3962111,178008083351,318655688268,318655688273)
r(3962111,643439347656,376709210258,376709210261)
w(3962111,267191259450,318655688268,318655688274)
w(3962111,466248483514,318655688268,318655688274)
r(3962111,466248483514,318655688268,318655688275)
r(11402576,564273026105,779936884092,779936884094)
r(11402576,564273026105,318655688268,318655688275)
r(11402576,564273026105,391701941166,391701941169)
w(3962111,253944970067,376709210258,376709210262)
r(3962111,253944970067,376709210258,376709210262)
r(11402576,564273026105,779936884092,779936884094)
r(11402576,564273026105,391701941166,391701941169)
w(3962111,465023307364,318655688268,318655688276)
r(11402576,860058598435,318655688268,318655688276)
w(3962111,157293076432,391701941166,391701941170)
r(3962111,466248483514,779936884092,779936884095)
w(11402576,876039451549,318655688268,318655688277)
w(3962111,683430906892,318655688268,318655688277)
r(11402576,860058598435,376709210258,376709210263)
r(3962111,466248483514,779936884092,779936884095)
r(11402576,860058598435,391701941166,391701941170)
r(3962111,465023307364,376709210258,376709210263)
w(11402576,867923847699,318655688268,318655688278)
w(11402576,71342268673,318655688268,318655688278)
w(3962111,267806863288,318655688268,318655688279)
r(3962111,267806863288,318655688268,318655688279)
w(11402576,359958801970,779936884092,779936884096)
w(11402576,286596289270,376709210258,376709210264)
r(3962111,683430906892,391701941166,391701941171)
r(3962111,683430906892,779936884092,779936884096)
r(11402576,286596289270,376709210258,376709210264)
r(3962111,267806863288,318655688268,318655688280)
w(3962111,164649136398,391701941166,391701941171)
r(11402576,71342268673,318655688268,318655688280)
w(3962111,159514765741,376709210258,376709210265)
w(3962111,737322840823,376709210258,376709210265)
w(3962111,540839037747,779936884092,779936884097)
w(3962111,414762726715,779936884092,779936884097)
r(3962111,267806863288,391701941166,391701941172)
w(11402576,330119680548,391701941166,391701941172)
w(3962111,835081424327,376709210258,376709210266)
w(3962111,705257172438,318655688268,318655688281)
r(11402576,286596289270,376709210258,376709210266)
w(3962111,379788587339,779936884092,779936884098)
w(3962111,407566204321,779936884092,779936884098)
r(11402576,286596289270,318655688268,318655688281)
w(3962111,881986537614,391701941166,391701941173)
w(3962111,8038633084,391701941166,391701941173)
r(3962111,407566204321,779936884092,779936884099)
r(11402576,286596289270,779936884092,779936884099)
w(11402576,785504966018,376709210258,376709210267)
w(11402576,718153401740,376709210258,376709210267)
w(3962111,92770502704,391701941166,391701941174)
w(11402576,872824544846,391701941166,391701941174)
r(11402576,718153401740,376709210258,376709210268)
r(3962111,705257172438,318655688268,318655688282)
r(11402576,718153401740,779936884092,779936884100)
r(3962111,705257172438,376709210258,376709210268)
w(3962111,240954327574,779936884092,779936884100)
w(3962111,56501223285,318655688268,318655688282)
r(3962111,92770502704,391701941166,391701941175)
w(11402576,836830947274,391701941166,391701941175)
w(3962111,194781856167,318655688268,318655688283)
w(11402576,247091331638,376709210258,376709210269)
w(3962111,599754016177,318655688268,318655688283)
w(11402576,87629866410,376709210258,376709210269)
r(11402576,872824544846,779936884092,779936884101)
w(11402576,378717574098,779936884092,779936884101)
w(3962111,555070547871,376709210258,376709210270)
r(11402576,872824544846,318655688268,318655688284)
w(3962111,582500452278,391701941166,391701941176)
w(11402576,227206980604,391701941166,391701941176)
r(11402576,872824544846,318655688268,318655688284)
r(11402576,87629866410,376709210258,376709210270)
r(3962111,599754016177,779936884092,779936884102)
r(11402576,87629866410,779936884092,779936884102)
w(11402576,243290817830,318655688268,318655688285)
r(3962111,582500452278,318655688268,318655688285)
w(3962111,787415119858,391701941166,391701941177)
r(3962111,787415119858,391701941166,391701941177)
w(3962111,498230885892,376709210258,376709210271)
w(3962111,144118856928,376709210258,376709210271)
r(3962111,555070547871,779936884092,779936884103)
r(3962111,555070547871,779936884092,779936884103)
w(3962111,609394025023,391701941166,391701941178)
w(3962111,430236291097,391701941166,391701941178)
w(11402576,369050420562,318655688268,318655688286)
r(11402576,369050420562,318655688268,318655688286)
r(3962111,144118856928,376709210258,376709210272)
w(11402576,533560304808,779936884092,779936884104)
w(11402576,703160432461,391701941166,391701941179)
w(3962111,68999975650,318655688268,318655688287)
r(3962111,68999975650,318655688268,318655688287)
r(11402576,227206980604,376709210258,376709210272)
r(3962111,430236291097,779936884092,779936884104)
w(11402576,373658357724,318655688268,318655688288)
w(3962111,699819954141,391701941166,391701941179)
w(3962111,349462611869,318655688268,318655688288)
r(11402576,533560304808,376709210258,376709210273)
r(11402576,533560304808,779936884092,779936884105)
w(11402576,499520591052,376709210258,376709210273)
w(3962111,736823215857,779936884092,779936884105)
w(11402576,150044495019,391701941166,391701941180)
w(11402576,63202847571,391701941166,391701941180)
r(11402576,373658357724,318655688268,318655688289)
w(11402576,449512528606,318655688268,318655688289)
r(3962111,349462611869,391701941166,391701941181)
w(3962111,154407518521,391701941166,391701941181)
r(11402576,373658357724,376709210258,376709210274)
w(11402576,213597464839,376709210258,376709210274)
r(11402576,63202847571,318655688268,318655688290)
r(3962111,349462611869,779936884092,779936884106)
w(3962111,914433539529,779936884092,779936884106)
r(11402576,63202847571,318655688268,318655688290)
w(3962111,576454144296,391701941166,391701941182)
r(11402576,63202847571,376709210258,376709210275)
w(3962111,168191891849,376709210258,376709210275)
r(11402576,63202847571,391701941166,391701941182)
w(3962111,542147438899,318655688268,318655688291)
w(3962111,186180567394,318655688268,318655688291)
r(3962111,154407518521,779936884092,779936884107)
w(11402576,750968199727,779936884092,779936884107)
r(11402576,63202847571,376709210258,376709210276)
r(3962111,576454144296,391701941166,391701941183)
r(3962111,576454144296,376709210258,376709210276)
w(3962111,24987072108,391701941166,391701941183)
r(11402576,750968199727,779936884092,779936884108)
w(3962111,615971784876,318655688268,318655688292)
w(11402576,336265135861,318655688268,318655688292)
r(11402576,750968199727,779936884092,779936884108)
r(3962111,186180567394,391701941166,391701941184)
w(11402576,438847310877,391701941166,391701941184)
r(3962111,186180567394,376709210258,376709210277)
w(3962111,676474532300,376709210258,376709210277)
r(11402576,750968199727,779936884092,779936884109)
w(11402576,567077174534,779936884092,779936884109)
w(11402576,369545975558,318655688268,318655688293)
w(11402576,590915463188,318655688268,318655688293)
w(11402576,562032388509,376709210258,376709210278)
w(11402576,261566634322,779936884092,779936884110)
w(3962111,213760609600,318655688268,318655688294)
w(3962111,534068044630,779936884092,779936884110)
w(3962111,525188624071,376709210258,376709210278)
w(3962111,60097852858,391701941166,391701941185)
w(11402576,484336640845,391701941166,391701941185)
w(11402576,377647738004,318655688268,318655688294)
w(11402576,232584155463,779936884092,779936884111)
w(3962111,660237123391,779936884092,779936884111)
w(11402576,602689784263,376709210258,376709210279)
r(11402576,602689784263,376709210258,376709210279)
r(3962111,60097852858,391701941166,391701941186)
r(3962111,60097852858,391701941166,391701941186)
r(3962111,213760609600,318655688268,318655688295)
w(3962111,727157282745,318655688268,318655688295)
w(3962111,759413162924,376709210258,376709210280)
w(3962111,419570819208,376709210258,376709210280)
r(3962111,660237123391,779936884092,779936884112)
w(3962111,730460246249,779936884092,779936884112)
r(3962111,660237123391,391701941166,391701941187)
r(11402576,602689784263,318655688268,318655688296)
w(11402576,668164050083,391701941166,391701941187)
r(3962111,419570819208,376709210258,376709210281)
w(3962111,914702954913,318655688268,318655688296)
w(11402576,285364912011,376709210258,376709210281)
w(3962111,659452943595,779936884092,779936884113)
w(11402576,141519655324,779936884092,779936884113)
w(11402576,356305728240,391701941166,391701941188)
w(3962111,336318181661,391701941166,391701941188)
r(3962111,914702954913,318655688268,318655688297)
r(3962111,659452943595,779936884092,779936884114)
w(3962111,704037888554,779936884092,779936884114)
r(11402576,141519655324,318655688268,318655688297)
w(3962111,768959136772,391701941166,391701941189)
r(11402576,285364912011,376709210258,376709210282)
r(3962111,768959136772,391701941166,391701941189)
w(3962111,705265953149,376709210258,376709210282)
r(3962111,336318181661,779936884092,779936884115)
w(11402576,107480841019,779936884092,779936884115)
w(11402576,236469142874,391701941166,391701941190)
r(11402576,236469142874,391701941166,391701941190)
r(3962111,768959136772,318655688268,318655688298)
w(3962111,296009588440,318655688268,318655688298)
w(3962111,635738129452,376709210258,376709210283)
w(11402576,362222149674,318655688268,318655688299)
w(3962111,418344941527,779936884092,779936884116)
r(3962111,418344941527,779936884092,779936884116)
r(11402576,362222149674,318655688268,318655688299)
r(11402576,236469142874,376709210258,376709210283)
r(11402576,236469142874,391701941166,391701941191)
r(11402576,236469142874,391701941166,391701941191)
w(11402576,232095989439,779936884092,779936884117)
w(3962111,320007248148,318655688268,318655688300)
w(3962111,310441142073,318655688268,318655688300)
w(3962111,762844737724,779936884092,779936884117)
r(3962111,418344941527,391701941166,391701941192)
w(11402576,615619517179,318655688268,318655688301)
w(3962111,565402253291,318655688268,318655688301)
r(3962111,418344941527,391701941166,391701941192)
r(3962111,635738129452,376709210258,376709210284)
r(11402576,362222149674,376709210258,376709210284)
r(3962111,762844737724,779936884092,779936884118)
w(11402576,58409052838,779936884092,779936884118)
r(3962111,762844737724,391701941166,391701941193)
w(3962111,787825671264,391701941166,391701941193)
w(11402576,714433104144,318655688268,318655688302)
r(11402576,714433104144,318655688268,318655688302)
w(3962111,845094942785,318655688268,318655688303)
r(11402576,615619517179,376709210258,376709210285)
w(11402576,124497778882,779936884092,779936884119)
r(11402576,714433104144,318655688268,318655688303)
r(11402576,615619517179,391701941166,391701941194)
w(3962111,781930263332,391701941166,391701941194)
r(11402576,615619517179,376709210258,376709210285)
r(3962111,565402253291,779936884092,779936884119)
r(3962111,845094942785,318655688268,318655688304)
w(3962111,716516481620,391701941166,391701941195)
w(3962111,20889150799,318655688268,318655688304)
r(3962111,716516481620,391701941166,391701941195)
r(11402576,124497778882,376709210258,376709210286)
w(3962111,477950694391,376709210258,376709210286)
r(11402576,124497778882,779936884092,779936884120)
r(11402576,124497778882,779936884092,779936884120)
w(11402576,129655929001,779936884092,779936884121)
w(3962111,542260875146,779936884092,779936884121)
r(3962111,716516481620,391701941166,391701941196)
r(11402576,124497778882,391701941166,391701941196)
r(11402576,124497778882,318655688268,318655688305)
w(3962111,373031489862,318655688268,318655688305)
r(11402576,124497778882,376709210258,376709210287)
w(11402576,914204117601,376709210258,376709210287)
r(3962111,542260875146,376709210258,376709210288)
w(3962111,577788662102,376709210258,376709210288)
w(3962111,367229644464,318655688268,318655688306)
r(3962111,367229644464,318655688268,318655688306)
r(11402576,129655929001,779936884092,779936884122)
r(3962111,373031489862,779936884092,779936884122)
r(3962111,373031489862,391701941166,391701941197)
r(11402576,129655929001,391701941166,391701941197)
r(11402576,129655929001,318655688268,318655688307)
w(11402576,679237295447,318655688268,318655688307)
r(3962111,367229644464,376709210258,376709210289)
r(3962111,367229644464,376709210258,376709210289)
w(3962111,745490626967,779936884092,779936884123)
r(3962111,367229644464,318655688268,318655688308)
w(11402576,902273523615,779936884092,779936884123)
r(11402576,679237295447,318655688268,318655688308)
w(3962111,429874923230,376709210258,376709210290)
r(3962111,367229644464,391701941166,391701941198)
w(3962111,35979465735,376709210258,376709210290)
r(3962111,367229644464,391701941166,391701941198)
w(11402576,321921145320,779936884092,779936884124)
r(11402576,321921145320,779936884092,779936884124)
r(3962111,745490626967,318655688268,318655688309)
w(11402576,273598898550,318655688268,318655688309)
w(3962111,770305478425,779936884092,779936884125)
r(3962111,35979465735,376709210258,376709210291)
w(11402576,127090051553,376709210258,376709210291)
w(11402576,895671602288,779936884092,779936884125)
r(11402576,902273523615,391701941166,391701941199)
w(11402576,415504395195,391701941166,391701941199)
w(3962111,122824262100,318655688268,318655688310)
w(3962111,86768664405,318655688268,318655688310)
r(3962111,86768664405,318655688268,318655688311)
w(11402576,411147593618,376709210258,376709210292)
w(11402576,173962789072,318655688268,318655688311)
r(11402576,127090051553,391701941166,391701941200)
w(3962111,283567963102,376709210258,376709210292)
r(11402576,895671602288,779936884092,779936884126)
w(3962111,706252692443,779936884092,779936884126)
r(3962111,86768664405,391701941166,391701941200)
w(3962111,167488580866,376709210258,376709210293)
w(3962111,27387158020,376709210258,376709210293)
r(11402576,173962789072,318655688268,318655688312)
r(3962111,706252692443,779936884092,779936884127)
w(3962111,353898390172,779936884092,779936884127)
r(11402576,173962789072,318655688268,318655688312)
r(3962111,706252692443,391701941166,391701941201)
w(3962111,38852482091,391701941166,391701941201)
w(3962111,243782072139,376709210258,376709210294)
w(11402576,326069265043,376709210258,376709210294)
r(11402576,411147593618,779936884092,779936884128)
w(11402576,488406331481,779936884092,779936884128)
r(3962111,27387158020,391701941166,391701941202)
r(11402576,411147593618,318655688268,318655688313)
w(11402576,880770884960,318655688268,318655688313)
r(3962111,27387158020,391701941166,391701941202)
w(11402576,232335134409,779936884092,779936884129)
r(11402576,232335134409,779936884092,779936884129)
w(3962111,93675122720,318655688268,318655688314)
w(3962111,164013047531,318655688268,318655688314)
r(11402576,232335134409,779936884092,779936884130)
w(3962111,239685966889,391701941166,391701941203)
w(11402576,810125724331,318655688268,318655688315)
w(3962111,272801038516,391701941166,391701941203)
r(11402576,232335134409,779936884092,779936884130)
w(11402576,4137714539,376709210258,376709210295)
w(3962111,189944282786,376709210258,376709210295)
r(3962111,164013047531,318655688268,318655688315)
w(3962111,655500168166,391701941166,391701941204)
w(11402576,188255942107,391701941166,391701941204)
r(11402576,232335134409,779936884092,779936884131)
w(3962111,579175424422,779936884092,779936884131)
w(3962111,47519567211,376709210258,376709210296)
w(3962111,762755358561,376709210258,376709210296)
w(11402576,797863899291,376709210258,376709210297)
r(11402576,810125724331,318655688268,318655688316)
w(3962111,867711397870,318655688268,318655688316)
w(3962111,755964180504,376709210258,376709210297)
r(3962111,762755358561,391701941166,391701941205)
r(11402576,188255942107,779936884092,779936884132)
r(11402576,188255942107,391701941166,391701941205)
r(11402576,188255942107,779936884092,779936884132)
w(3962111,205176721983,318655688268,318655688317)
r(3962111,205176721983,318655688268,318655688317)
r(3962111,755964180504,376709210258,376709210298)
r(3962111,755964180504,376709210258,376709210298)
r(3962111,755964180504,779936884092,779936884133)
w(3962111,722813134743,318655688268,318655688318)
r(3962111,722813134743,318655688268,318655688318)
r(3962111,755964180504,779936884092,779936884133)
w(3962111,605184879558,376709210258,376709210299)
w(3962111,267106841755,391701941166,391701941206)
r(3962111,605184879558,376709210258,376709210299)
w(11402576,557685336837,391701941166,391701941206)
r(11402576,797863899291,318655688268,318655688319)
w(3962111,185121329723,779936884092,779936884134)
w(11402576,899513774117,318655688268,318655688319)
w(11402576,47399280728,376709210258,376709210300)
w(3962111,229713098833,779936884092,779936884134)
r(11402576,47399280728,376709210258,376709210300)
w(11402576,913202397460,779936884092,779936884135)
w(3962111,110115886343,391701941166,391701941207)
r(11402576,557685336837,318655688268,318655688320)
r(3962111,229713098833,779936884092,779936884135)
r(3962111,229713098833,318655688268,318655688320)
r(11402576,47399280728,391701941166,391701941207)
r(3962111,229713098833,376709210258,376709210301)
r(11402576,47399280728,376709210258,376709210301)
w(11402576,671060895608,779936884092,779936884136)
w(11402576,410171151306,779936884092,779936884136)
r(11402576,913202397460,391701941166,391701941208)
r(3962111,110115886343,318655688268,318655688321)
r(3962111,110115886343,376709210258,376709210302)
w(11402576,246084514920,391701941166,391701941208)
w(11402576,631219490010,318655688268,318655688321)
w(3962111,405052159802,376709210258,376709210302)
w(11402576,906953546444,376709210258,376709210303)
r(11402576,906953546444,376709210258,376709210303)
r(11402576,410171151306,779936884092,779936884137)
r(3962111,110115886343,391701941166,391701941209)
w(11402576,904067724580,391701941166,391701941209)
w(3962111,633996897426,779936884092,779936884137)
w(3962111,521453607949,376709210258,376709210304)
r(3962111,405052159802,318655688268,318655688322)
w(11402576,621227550192,376709210258,376709210304)
w(11402576,346170938475,318655688268,318655688322)
r(3962111,405052159802,391701941166,391701941210)
w(11402576,731102663669,391701941166,391701941210)
w(3962111,484632012816,779936884092,779936884138)
r(3962111,484632012816,779936884092,779936884138)
r(11402576,621227550192,376709210258,376709210305)
w(3962111,904234413974,376709210258,376709210305)
w(3962111,737276063148,391701941166,391701941211)
w(3962111,753104897293,779936884092,779936884139)
r(11402576,346170938475,391701941166,391701941211)
r(3962111,753104897293,779936884092,779936884139)
r(11402576,346170938475,318655688268,318655688323)
r(3962111,484632012816,318655688268,318655688323)
w(3962111,93515950736,376709210258,376709210306)
w(11402576,197334359531,376709210258,376709210306)
w(3962111,243291794386,779936884092,779936884140)
r(3962111,243291794386,779936884092,779936884140)
r(3962111,753104897293,391701941166,391701941212)
w(11402576,547196968337,779936884092,779936884141)
r(11402576,346170938475,391701941166,391701941212)
w(3962111,331095997606,376709210258,376709210307)
w(11402576,885497950528,318655688268,318655688324)
r(11402576,885497950528,318655688268,318655688324)
w(11402576,366175245361,376709210258,376709210307)
r(3962111,243291794386,779936884092,779936884141)
r(11402576,885497950528,318655688268,318655688325)
w(11402576,302220359627,318655688268,318655688325)
w(11402576,688867092503,376709210258,376709210308)
w(11402576,519192278255,391701941166,391701941213)
w(3962111,537017677356,391701941166,391701941213)
w(11402576,520737886581,376709210258,376709210308)
w(11402576,330083571707,779936884092,779936884142)
r(11402576,547196968337,318655688268,318655688326)
r(3962111,331095997606,779936884092,779936884142)
r(11402576,547196968337,318655688268,318655688326)
w(11402576,10293014837,376709210258,376709210309)
w(3962111,682738568824,376709210258,376709210309)
r(3962111,537017677356,391701941166,391701941214)
w(3962111,896590432519,376709210258,376709210310)
r(11402576,10293014837,391701941166,391701941214)
w(11402576,329955155827,318655688268,318655688327)
w(11402576,385067223129,318655688268,318655688327)
r(11402576,330083571707,779936884092,779936884143)
w(3962111,571629764005,779936884092,779936884143)
r(11402576,10293014837,376709210258,376709210310)
w(11402576,808936458899,318655688268,318655688328)
w(3962111,1741595301,318655688268,318655688328)
w(3962111,209983926622,391701941166,391701941215)
w(11402576,501607696440,391701941166,391701941215)
w(3962111,838858943110,318655688268,318655688329)
w(11402576,192116215966,318655688268,318655688329)
r(11402576,385067223129,376709210258,376709210311)
r(11402576,808936458899,779936884092,779936884144)
r(3962111,209983926622,376709210258,376709210311)
r(11402576,808936458899,779936884092,779936884144)
r(3962111,209983926622,391701941166,391701941216)
w(11402576,498209458351,391701941166,391701941216)
w(11402576,259003351182,376709210258,376709210312)
r(3962111,838858943110,779936884092,779936884145)
w(3962111,376455061912,318655688268,318655688330)
w(3962111,4439660669,391701941166,391701941217)
w(11402576,466620290727,779936884092,779936884145)
w(11402576,84836390144,318655688268,318655688330)
w(11402576,745796709642,376709210258,376709210312)
w(3962111,670672039752,391701941166,391701941217)
w(3962111,920037522901,376709210258,376709210313)
r(11402576,498209458351,391701941166,391701941218)
r(3962111,670672039752,391701941166,391701941218)
r(11402576,745796709642,376709210258,376709210313)
r(11402576,745796709642,318655688268,318655688331)
r(11402576,745796709642,318655688268,318655688331)
r(3962111,670672039752,779936884092,779936884146)
w(3962111,739042178450,779936884092,779936884146)
r(11402576,745796709642,318655688268,318655688332)
w(3962111,851445970390,318655688268,318655688332)
r(3962111,920037522901,391701941166,391701941219)
w(3962111,366441466470,391701941166,391701941219)
w(3962111,294974980590,779936884092,779936884147)
r(3962111,920037522901,376709210258,376709210314)
w(3962111,856948165536,779936884092,779936884147)
w(11402576,397212529147,391701941166,391701941220)
r(3962111,920037522901,376709210258,376709210314)
w(11402576,876682077925,779936884092,779936884148)
w(11402576,711743718888,318655688268,318655688333)
w(3962111,399976097343,318655688268,318655688333)
r(3962111,856948165536,779936884092,779936884148)
w(11402576,899802294094,376709210258,376709210315)
r(3962111,856948165536,391701941166,391701941220)
r(3962111,856948165536,376709210258,376709210315)
w(11402576,852002888057,318655688268,318655688334)
r(3962111,399976097343,318655688268,318655688334)
w(11402576,186966401840,779936884092,779936884149)
w(11402576,815784104045,779936884092,779936884149)
w(11402576,308592640236,391701941166,391701941221)
w(3962111,120278488141,391701941166,391701941221)
r(11402576,397212529147,376709210258,376709210316)
r(3962111,399976097343,318655688268,318655688335)
w(3962111,88954852136,376709210258,376709210316)
r(3962111,399976097343,779936884092,779936884150)
r(3962111,399976097343,318655688268,318655688335)
r(3962111,399976097343,779936884092,779936884150)
r(3962111,120278488141,391701941166,391701941222)
w(3962111,604791776746,391701941166,391701941222)
w(11402576,748909439237,318655688268,318655688336)
w(11402576,437483530518,779936884092,779936884151)
w(3962111,515695289496,391701941166,391701941223)
r(3962111,120278488141,318655688268,318655688336)
w(11402576,904798451815,391701941166,391701941223)
w(11402576,695315785093,376709210258,376709210317)
w(3962111,251864445039,779936884092,779936884151)
w(11402576,886278914723,376709210258,376709210317)
w(11402576,187965391022,376709210258,376709210318)
r(11402576,187965391022,376709210258,376709210318)
w(11402576,757971003243,318655688268,318655688337)
r(11402576,757971003243,318655688268,318655688337)
w(11402576,633912454483,376709210258,376709210319)
w(11402576,481259596944,376709210258,376709210319)
w(11402576,855238048685,318655688268,318655688338)
w(3962111,512998731840,318655688268,318655688338)
r(3962111,515695289496,391701941166,391701941224)
w(3962111,389807525660,391701941166,391701941224)
r(3962111,515695289496,376709210258,376709210320)
r(11402576,481259596944,376709210258,376709210320)
w(3962111,794254972224,391701941166,391701941225)
r(3962111,794254972224,391701941166,391701941225)
r(11402576,855238048685,318655688268,318655688339)
w(11402576,296915612298,318655688268,318655688339)
r(3962111,251864445039,779936884092,779936884152)
r(3962111,794254972224,391701941166,391701941226)
w(3962111,680197613244,391701941166,391701941226)
w(3962111,404542767284,376709210258,376709210321)
r(3962111,251864445039,779936884092,779936884152)
r(11402576,437483530518,318655688268,318655688340)
w(11402576,22157830351,376709210258,376709210321)
r(3962111,794254972224,318655688268,318655688340)
w(3962111,614995625861,779936884092,779936884153)
w(11402576,899141186756,779936884092,779936884153)
r(3962111,680197613244,391701941166,391701941227)
r(11402576,437483530518,391701941166,391701941227)
r(11402576,22157830351,376709210258,376709210322)
w(11402576,437485356420,376709210258,376709210322)
r(3962111,404542767284,318655688268,318655688341)
w(3962111,748394352941,318655688268,318655688341)
w(11402576,560548216077,779936884092,779936884154)
r(3962111,614995625861,779936884092,779936884154)
w(11402576,30498785020,376709210258,376709210323)
r(11402576,30498785020,376709210258,376709210323)
w(3962111,112793419305,318655688268,318655688342)
w(3962111,86689924192,318655688268,318655688342)
r(11402576,899141186756,391701941166,391701941228)
r(3962111,614995625861,391701941166,391701941228)
w(3962111,410228083391,376709210258,376709210324)
w(3962111,32078650885,376709210258,376709210324)
r(3962111,86689924192,318655688268,318655688343)
r(11402576,30498785020,318655688268,318655688343)
r(11402576,30498785020,779936884092,779936884155)
r(11402576,30498785020,779936884092,779936884155)
r(3962111,32078650885,391701941166,391701941229)
r(3962111,32078650885,376709210258,376709210325)
w(3962111,696572266341,376709210258,376709210325)
r(11402576,30498785020,391701941166,391701941229)
w(11402576,402818900992,779936884092,779936884156)
w(11402576,643524187611,318655688268,318655688344)
w(11402576,821673854316,376709210258,376709210326)
r(11402576,821673854316,376709210258,376709210326)
r(3962111,32078650885,779936884092,779936884156)
r(3962111,696572266341,318655688268,318655688344)
r(3962111,696572266341,391701941166,391701941230)
w(3962111,9579090184,391701941166,391701941230)
w(11402576,183264059054,376709210258,376709210327)
w(11402576,399890341859,376709210258,376709210327)
r(3962111,696572266341,779936884092,779936884157)
w(3962111,775378386968,779936884092,779936884157)
w(11402576,781702081525,391701941166,391701941231)
w(11402576,878289295723,391701941166,391701941231)
r(3962111,696572266341,376709210258,376709210328)
r(3962111,9579090184,318655688268,318655688345)
w(11402576,241409390231,779936884092,779936884158)
r(3962111,9579090184,318655688268,318655688345)
r(11402576,399890341859,376709210258,376709210328)
w(3962111,214861089568,779936884092,779936884158)
r(11402576,878289295723,391701941166,391701941232)
w(11402576,101323441609,391701941166,391701941232)
r(11402576,878289295723,318655688268,318655688346)
w(3962111,283705370714,318655688268,318655688346)
w(3962111,820279128582,376709210258,376709210329)
w(11402576,15137374491,376709210258,376709210329)
w(11402576,907424782931,779936884092,779936884159)
w(3962111,200176351109,779936884092,779936884159)
r(11402576,241409390231,391701941166,391701941233)
w(3962111,194937791489,391701941166,391701941233)
r(11402576,241409390231,318655688268,318655688347)
w(3962111,183141288150,376709210258,376709210330)
w(3962111,556224240032,376709210258,376709210330)
r(3962111,820279128582,318655688268,318655688347)
r(3962111,200176351109,779936884092,779936884160)
w(3962111,667158804886,779936884092,779936884160)
r(11402576,907424782931,376709210258,376709210331)
w(3962111,282243372136,391701941166,391701941234)
r(3962111,282243372136,391701941166,391701941234)
r(11402576,907424782931,376709210258,376709210331)
w(11402576,502951855764,391701941166,391701941235)
w(11402576,25269947654,318655688268,318655688348)
w(3962111,103320348155,391701941166,391701941235)
r(11402576,907424782931,779936884092,779936884161)
r(3962111,282243372136,779936884092,779936884161)
w(11402576,160852956821,376709210258,376709210332)
r(3962111,282243372136,318655688268,318655688348)
r(3962111,282243372136,376709210258,376709210332)
w(3962111,782706789223,391701941166,391701941236)
w(3962111,370472849915,391701941166,391701941236)
w(3962111,658236081078,391701941166,391701941237)
w(11402576,472080802470,779936884092,779936884162)
w(11402576,249944179050,391701941166,391701941237)
w(11402576,154117044684,779936884092,779936884162)
w(11402576,684978611161,318655688268,318655688349)
r(11402576,684978611161,318655688268,318655688349)
r(3962111,370472849915,376709210258,376709210333)
w(11402576,265422808892,376709210258,376709210333)
w(3962111,7607945709,779936884092,779936884163)
w(11402576,583458446517,779936884092,779936884163)
w(11402576,776669346754,318655688268,318655688350)
w(3962111,715290899241,318655688268,318655688350)
w(3962111,83703420627,391701941166,391701941238)
w(3962111,294428597848,391701941166,391701941238)
w(3962111,137170342227,376709210258,376709210334)
w(11402576,421647057275,391701941166,391701941239)
r(11402576,421647057275,391701941166,391701941239)
r(3962111,137170342227,376709210258,376709210334)
r(3962111,715290899241,779936884092,779936884164)
r(11402576,776669346754,318655688268,318655688351)
r(11402576,776669346754,318655688268,318655688351)
r(3962111,715290899241,779936884092,779936884164)
w(11402576,904874478542,391701941166,391701941240)
r(11402576,904874478542,391701941166,391701941240)
r(11402576,421647057275,318655688268,318655688352)
w(3962111,305937025124,779936884092,779936884165)
r(11402576,421647057275,318655688268,318655688352)
w(3962111,893940941171,391701941166,391701941241)
r(3962111,893940941171,391701941166,391701941241)
r(3962111,137170342227,376709210258,376709210335)
r(11402576,421647057275,779936884092,779936884165)
r(3962111,137170342227,376709210258,376709210335)
r(3962111,137170342227,318655688268,318655688353)
r(11402576,904874478542,318655688268,318655688353)
w(11402576,346285584875,779936884092,779936884166)
r(11402576,904874478542,376709210258,376709210336)
w(3962111,438205631425,376709210258,376709210336)
r(3962111,893940941171,779936884092,779936884166)
r(3962111,893940941171,391701941166,391701941242)
w(3962111,197056275002,391701941166,391701941242)
r(3962111,893940941171,318655688268,318655688354)
r(11402576,904874478542,318655688268,318655688354)
w(3962111,417182169898,391701941166,391701941243)
r(11402576,904874478542,376709210258,376709210337)
w(3962111,690605238087,391701941166,391701941243)
w(11402576,264392575370,779936884092,779936884167)
r(11402576,264392575370,779936884092,779936884167)
r(11402576,904874478542,376709210258,376709210337)
w(3962111,805509841609,779936884092,779936884168)
w(3962111,684137800525,779936884092,779936884168)
r(11402576,346285584875,318655688268,318655688355)
w(3962111,824961936777,318655688268,318655688355)
r(11402576,346285584875,376709210258,376709210338)
r(3962111,690605238087,391701941166,391701941244)
r(3962111,690605238087,376709210258,376709210338)
w(11402576,849361617987,391701941166,391701941244)
w(3962111,95863355098,318655688268,318655688356)
r(3962111,95863355098,318655688268,318655688356)
w(3962111,706738635796,779936884092,779936884169)
r(3962111,706738635796,779936884092,779936884169)
w(3962111,403623347801,376709210258,376709210339)
w(3962111,214049061571,391701941166,391701941245)
w(3962111,2049720719,391701941166,391701941245)
r(11402576,849361617987,376709210258,376709210339)
r(11402576,849361617987,318655688268,318655688357)
w(11402576,242506639492,391701941166,391701941246)
w(3962111,576074520560,779936884092,779936884170)
r(3962111,576074520560,779936884092,779936884170)
r(11402576,849361617987,318655688268,318655688357)
w(3962111,335222157523,318655688268,318655688358)
r(3962111,2049720719,391701941166,391701941246)
r(11402576,849361617987,318655688268,318655688358)
r(3962111,576074520560,779936884092,779936884171)
w(11402576,873893579138,779936884092,779936884171)
r(3962111,576074520560,376709210258,376709210340)
r(3962111,576074520560,376709210258,376709210340)
w(3962111,306459998210,318655688268,318655688359)
w(3962111,367050052698,318655688268,318655688359)
w(3962111,421829609398,779936884092,779936884172)
w(11402576,412161774498,779936884092,779936884172)
r(11402576,849361617987,391701941166,391701941247)
r(3962111,335222157523,376709210258,376709210341)
w(11402576,48843740891,376709210258,376709210341)
r(11402576,849361617987,391701941166,391701941247)
r(3962111,367050052698,318655688268,318655688360)
w(11402576,56368054152,318655688268,318655688360)
w(3962111,357043452270,779936884092,779936884173)
w(11402576,96943681694,779936884092,779936884173)
w(3962111,481214267305,318655688268,318655688361)
w(3962111,616856715756,318655688268,318655688361)
r(11402576,412161774498,391701941166,391701941248)
r(3962111,421829609398,376709210258,376709210342)
w(3962111,759971707435,376709210258,376709210342)
r(11402576,412161774498,391701941166,391701941248)
r(3962111,616856715756,318655688268,318655688362)
r(11402576,96943681694,779936884092,779936884174)
w(11402576,634896306657,779936884092,779936884174)
r(3962111,616856715756,318655688268,318655688362)
r(3962111,616856715756,391701941166,391701941249)
w(11402576,397864618876,391701941166,391701941249)
r(3962111,616856715756,376709210258,376709210343)
w(3962111,884894948676,376709210258,376709210343)
r(11402576,634896306657,318655688268,318655688363)
r(3962111,616856715756,779936884092,779936884175)
r(3962111,616856715756,779936884092,779936884175)
r(3962111,884894948676,318655688268,318655688363)
r(11402576,634896306657,376709210258,376709210344)
w(3962111,561165366092,391701941166,391701941250)
w(3962111,910778611947,391701941166,391701941250)
r(11402576,634896306657,376709210258,376709210344)
r(3962111,884894948676,779936884092,779936884176)
w(11402576,584502223997,779936884092,779936884176)
w(3962111,461768297278,376709210258,376709210345)
w(3962111,431495855123,318655688268,318655688364)
r(3962111,910778611947,391701941166,391701941251)
r(11402576,397864618876,376709210258,376709210345)
w(3962111,404074844048,779936884092,779936884177)
r(11402576,397864618876,391701941166,391701941251)
r(3962111,404074844048,779936884092,779936884177)
r(11402576,397864618876,318655688268,318655688364)
r(11402576,584502223997,779936884092,779936884178)
w(11402576,562686740922,376709210258,376709210346)
r(3962111,404074844048,779936884092,779936884178)
w(3962111,361959978759,391701941166,391701941252)
r(3962111,361959978759,391701941166,391701941252)
w(3962111,451946147408,376709210258,376709210346)
w(11402576,449100882461,318655688268,318655688365)
r(11402576,449100882461,318655688268,318655688365)
w(3962111,270766745733,318655688268,318655688366)
w(3962111,69248688027,318655688268,318655688366)
w(3962111,465873016908,391701941166,391701941253)
w(11402576,538125124938,391701941166,391701941253)
r(3962111,451946147408,779936884092,779936884179)
w(3962111,447401557300,779936884092,779936884179)
w(3962111,515890120584,376709210258,376709210347)
r(11402576,449100882461,376709210258,376709210347)
w(11402576,586125139443,779936884092,779936884180)
r(3962111,69248688027,318655688268,318655688367)
w(3962111,715319198332,779936884092,779936884180)
r(3962111,69248688027,318655688268,318655688367)
r(3962111,465873016908,391701941166,391701941254)
w(3962111,436939065103,391701941166,391701941254)
r(11402576,538125124938,376709210258,376709210348)
w(3962111,559333389963,376709210258,376709210348)
r(11402576,586125139443,779936884092,779936884181)
r(11402576,538125124938,318655688268,318655688368)
r(3962111,715319198332,779936884092,779936884181)
r(3962111,715319198332,391701941166,391701941255)
r(11402576,538125124938,318655688268,318655688368)
w(3962111,313731785171,391701941166,391701941255)
w(3962111,478434428081,318655688268,318655688369)
w(3962111,811266926862,318655688268,318655688369)
w(11402576,153177250283,391701941166,391701941256)
r(11402576,153177250283,391701941166,391701941256)
r(11402576,586125139443,376709210258,376709210349)
w(3962111,482969654360,376709210258,376709210349)
r(3962111,715319198332,779936884092,779936884182)
w(11402576,46095107704,779936884092,779936884182)
w(11402576,799138504122,376709210258,376709210350)
w(3962111,384962503645,376709210258,376709210350)
r(11402576,586125139443,391701941166,391701941257)
w(3962111,568508879445,391701941166,391701941257)
w(3962111,891350376312,318655688268,318655688370)
w(3962111,888034152588,318655688268,318655688370)
r(11402576,46095107704,779936884092,779936884183)
w(11402576,131012763626,779936884092,779936884183)
w(11402576,550633628865,376709210258,376709210351)
r(11402576,550633628865,376709210258,376709210351)
w(3962111,218012553043,779936884092,779936884184)
r(3962111,218012553043,779936884092,779936884184)
w(3962111,255523311031,318655688268,318655688371)
w(11402576,421338992446,391701941166,391701941258)
r(11402576,799138504122,318655688268,318655688371)
r(11402576,550633628865,376709210258,376709210352)
w(11402576,686315666785,376709210258,376709210352)
r(3962111,888034152588,391701941166,391701941258)
w(3962111,443422845700,376709210258,376709210353)
r(3962111,443422845700,376709210258,376709210353)
r(3962111,218012553043,779936884092,779936884185)
r(3962111,218012553043,779936884092,779936884185)
r(3962111,218012553043,318655688268,318655688372)
w(3962111,465941392061,318655688268,318655688372)
r(11402576,686315666785,376709210258,376709210354)
r(3962111,443422845700,391701941166,391701941259)
r(3962111,443422845700,376709210258,376709210354)
r(11402576,421338992446,779936884092,779936884186)
w(11402576,382310937346,779936884092,779936884186)
w(3962111,813364755788,318655688268,318655688373)
r(3962111,813364755788,318655688268,318655688373)
r(3962111,443422845700,391701941166,391701941259)
w(3962111,796631030324,779936884092,779936884187)
w(3962111,866378429660,779936884092,779936884187)
r(11402576,421338992446,318655688268,318655688374)
r(11402576,421338992446,318655688268,318655688374)
r(3962111,813364755788,376709210258,376709210355)
w(11402576,769255336031,779936884092,779936884188)
r(11402576,382310937346,391701941166,391701941260)
w(11402576,116769416907,391701941166,391701941260)
r(11402576,382310937346,376709210258,376709210355)
w(3962111,227489641751,391701941166,391701941261)
w(11402576,835908925637,318655688268,318655688375)
r(11402576,835908925637,318655688268,318655688375)
r(3962111,866378429660,779936884092,779936884188)
w(3962111,826483911005,391701941166,391701941261)
r(11402576,835908925637,318655688268,318655688376)
r(11402576,835908925637,318655688268,318655688376)
r(11402576,835908925637,376709210258,376709210356)
w(11402576,815909800286,376709210258,376709210356)
r(3962111,826483911005,391701941166,391701941262)
r(3962111,826483911005,779936884092,779936884189)
r(11402576,769255336031,779936884092,779936884189)
r(3962111,826483911005,391701941166,391701941262)
r(11402576,769255336031,318655688268,318655688377)
r(11402576,769255336031,376709210258,376709210357)
w(3962111,772872260043,318655688268,318655688377)
w(11402576,684908230060,391701941166,391701941263)
w(11402576,820343275504,391701941166,391701941263)
r(3962111,826483911005,376709210258,376709210357)
w(3962111,303569405580,391701941166,391701941264)
r(11402576,769255336031,779936884092,779936884190)
w(11402576,388991589553,779936884092,779936884190)
w(3962111,468638404653,318655688268,318655688378)
w(3962111,524549501767,318655688268,318655688378)
w(11402576,519112642601,391701941166,391701941264)
w(3962111,842138635328,376709210258,376709210358)
w(11402576,271787563184,376709210258,376709210358)
w(11402576,318696523708,318655688268,318655688379)
w(11402576,870563971130,318655688268,318655688379)
r(3962111,772872260043,779936884092,779936884191)
r(3962111,772872260043,779936884092,779936884191)
w(11402576,170027203976,391701941166,391701941265)
w(3962111,20890673147,376709210258,376709210359)
r(11402576,170027203976,391701941166,391701941265)
w(11402576,842533830402,376709210258,376709210359)
w(11402576,614956904400,318655688268,318655688380)
w(11402576,591849032866,318655688268,318655688380)
r(11402576,870563971130,779936884092,779936884192)
r(11402576,170027203976,391701941166,391701941266)
r(3962111,842138635328,391701941166,391701941266)
r(11402576,870563971130,779936884092,779936884192)
r(3962111,842138635328,318655688268,318655688381)
r(11402576,591849032866,318655688268,318655688381)
r(11402576,591849032866,779936884092,779936884193)
w(3962111,131005968260,779936884092,779936884193)
r(3962111,20890673147,376709210258,376709210360)
w(3962111,834642020326,391701941166,391701941267)
r(3962111,834642020326,391701941166,391701941267)
r(3962111,20890673147,376709210258,376709210360)
r(11402576,842533830402,318655688268,318655688382)
w(3962111,734506164036,318655688268,318655688382)
w(3962111,848360461703,779936884092,779936884194)
r(11402576,842533830402,376709210258,376709210361)
r(3962111,848360461703,779936884092,779936884194)
w(11402576,570289108710,376709210258,376709210361)
r(11402576,842533830402,391701941166,391701941268)
r(3962111,834642020326,391701941166,391701941268)
r(3962111,834642020326,376709210258,376709210362)
r(3962111,848360461703,779936884092,779936884195)
w(11402576,309041089117,779936884092,779936884195)
r(3962111,834642020326,376709210258,376709210362)
r(3962111,848360461703,391701941166,391701941269)
w(3962111,25590170079,779936884092,779936884196)
r(3962111,848360461703,318655688268,318655688383)
r(3962111,25590170079,779936884092,779936884196)
w(11402576,16811642940,318655688268,318655688383)
r(3962111,848360461703,391701941166,391701941269)
r(3962111,848360461703,376709210258,376709210363)
r(11402576,309041089117,376709210258,376709210363)
r(3962111,848360461703,391701941166,391701941270)
w(3962111,584498471614,391701941166,391701941270)
r(11402576,309041089117,779936884092,779936884197)
w(11402576,208938752840,779936884092,779936884197)
r(3962111,25590170079,318655688268,318655688384)
r(3962111,25590170079,391701941166,391701941271)
w(11402576,882389542844,391701941166,391701941271)
r(3962111,25590170079,318655688268,318655688384)
w(3962111,857725125865,779936884092,779936884198)
w(3962111,341622264784,779936884092,779936884198)
w(11402576,301514455101,376709210258,376709210364)
r(3962111,25590170079,376709210258,376709210364)
r(3962111,25590170079,318655688268,318655688385)
r(3962111,25590170079,318655688268,318655688385)
r(11402576,16811642940,779936884092,779936884199)
r(11402576,16811642940,779936884092,779936884199)
w(3962111,849532451387,376709210258,376709210365)
r(3962111,849532451387,376709210258,376709210365)
w(11402576,477169155181,391701941166,391701941272)
r(11402576,477169155181,391701941166,391701941272)
r(3962111,341622264784,318655688268,318655688386)
w(3962111,600156105022,318655688268,318655688386)
w(3962111,811811377779,779936884092,779936884200)
w(3962111,494327684112,391701941166,391701941273)
w(3962111,509707932414,376709210258,376709210366)
w(11402576,421463591758,779936884092,779936884200)
r(11402576,301514455101,376709210258,376709210366)
r(3962111,849532451387,318655688268,318655688387)
r(11402576,477169155181,391701941166,391701941273)
r(11402576,477169155181,318655688268,318655688387)
w(3962111,9327513013,376709210258,376709210367)
r(3962111,9327513013,376709210258,376709210367)
w(11402576,796866078944,779936884092,779936884201)
w(3962111,748314271134,779936884092,779936884201)
w(3962111,308538341928,391701941166,391701941274)
r(11402576,421463591758,391701941166,391701941274)
r(3962111,494327684112,318655688268,318655688388)
w(3962111,616146643302,318655688268,318655688388)
w(11402576,634345923158,318655688268,318655688389)
w(11402576,8427232329,318655688268,318655688389)
r(11402576,421463591758,376709210258,376709210368)
w(11402576,727044845063,376709210258,376709210368)
r(11402576,796866078944,779936884092,779936884202)
w(11402576,452954110225,779936884092,779936884202)
w(3962111,241784727139,376709210258,376709210369)
r(3962111,241784727139,376709210258,376709210369)
w(3962111,204749165420,391701941166,391701941275)
r(3962111,204749165420,391701941166,391701941275)
w(11402576,763493869521,376709210258,376709210370)
r(3962111,308538341928,779936884092,779936884203)
r(11402576,8427232329,318655688268,318655688390)
w(11402576,832556165456,779936884092,779936884203)
r(3962111,241784727139,318655688268,318655688390)
w(3962111,108668590075,376709210258,376709210370)
w(3962111,428999834738,391701941166,391701941276)
r(3962111,428999834738,391701941166,391701941276)
r(3962111,204749165420,318655688268,318655688391)
w(3962111,15712083404,318655688268,318655688391)
w(3962111,213009476852,376709210258,376709210371)
w(3962111,406738852350,376709210258,376709210371)
r(11402576,8427232329,391701941166,391701941277)
w(3962111,467659130792,391701941166,391701941277)
w(11402576,352867605781,779936884092,779936884204)
r(11402576,352867605781,779936884092,779936884204)
w(11402576,153476643835,376709210258,376709210372)
r(3962111,406738852350,318655688268,318655688392)
r(3962111,406738852350,376709210258,376709210372)
r(11402576,352867605781,779936884092,779936884205)
w(3962111,473762211779,391701941166,391701941278)
w(3962111,424154105281,318655688268,318655688392)
w(3962111,340179679499,391701941166,391701941278)
r(3962111,406738852350,779936884092,779936884205)
w(11402576,901764389678,391701941166,391701941279)
w(3962111,639470034022,391701941166,391701941279)
w(3962111,31252062399,376709210258,376709210373)
w(11402576,187702064727,779936884092,779936884206)
w(3962111,307123446929,779936884092,779936884206)
r(11402576,153476643835,376709210258,376709210373)
w(3962111,146810195019,391701941166,391701941280)
r(3962111,340179679499,318655688268,318655688393)
r(11402576,901764389678,391701941166,391701941280)
r(3962111,340179679499,318655688268,318655688393)
r(3962111,31252062399,779936884092,779936884207)
w(3962111,303996683354,779936884092,779936884207)
r(11402576,187702064727,376709210258,376709210374)
w(11402576,680985200103,376709210258,376709210374)
w(11402576,470270014210,779936884092,779936884208)
w(11402576,110211302445,779936884092,779936884208)
w(3962111,712663875363,318655688268,318655688394)
r(11402576,187702064727,391701941166,391701941281)
r(11402576,187702064727,318655688268,318655688394)
w(11402576,506243929320,376709210258,376709210375)
w(3962111,649448682590,376709210258,376709210375)
r(11402576,187702064727,391701941166,391701941281)
w(3962111,253447841579,391701941166,391701941282)
r(3962111,253447841579,391701941166,391701941282)
w(11402576,816607997500,779936884092,779936884209)
w(3962111,602610489245,779936884092,779936884209)
w(11402576,865548637290,318655688268,318655688395)
w(3962111,747208174938,318655688268,318655688395)
w(3962111,645624459788,376709210258,376709210376)
w(11402576,187610094407,376709210258,376709210376)
