w(2941639,1,228908697375,228908690001)
w(7296594,3,228908697375,228908690002)
w(12610367,5,228908697375,228908690003)
w(10896115,7,228908697375,228908690004)
w(632512,9,228908697375,228908690005)
w(11692402,10,228908697375,228908690006)
w(12593531,12,228908697375,228908690007)
w(16576303,14,228908697375,228908690008)
w(7258753,16,228908697375,228908690009)
w(7046873,17,228908697375,228908690010)
w(11012566,19,228908697375,228908690011)
w(187690,21,228908697375,228908690012)
w(12783311,22,228908697375,228908690013)
w(3667519,24,228908697375,228908690014)
w(13057921,26,228908697375,228908690015)
w(6384474,28,228908697375,228908690016)
w(2671258,30,228908697375,228908690017)
w(9925664,32,228908697375,228908690018)
w(13263235,33,228908697375,228908690019)
w(196594,35,228908697375,228908690020)
w(3736054,37,228908697375,228908690021)
w(12352281,38,228908697375,228908690022)
w(16040562,40,228908697375,228908690023)
w(16066112,42,228908697375,228908690024)
w(3291829,44,228908697375,228908690025)
w(5430558,46,228908697375,228908690026)
w(13648761,49,228908697375,228908690027)
w(3334624,51,228908697375,228908690028)
w(6614926,53,228908697375,228908690029)
w(7679624,54,228908697375,228908690030)
w(8406399,55,228908697375,228908690031)
w(10466245,56,228908697375,228908690032)
w(16149964,57,228908697375,228908690033)
w(14185105,59,228908697375,228908690034)
w(16148191,61,228908697375,228908690035)
w(3343393,62,228908697375,228908690036)
w(8140525,64,228908697375,228908690037)
w(9279901,66,228908697375,228908690038)
w(1591144,68,228908697375,228908690039)
w(2362880,69,228908697375,228908690040)
w(5075615,71,228908697375,228908690041)
w(4803800,73,228908697375,228908690042)
w(1662128,75,228908697375,228908690043)
w(128044,77,228908697375,228908690044)
w(11527514,79,228908697375,228908690045)
w(7800997,80,228908697375,228908690046)
w(3076510,84,228908697375,228908690047)
w(10390100,85,228908697375,228908690048)
w(3428108,87,228908697375,228908690049)
w(5880776,88,228908697375,228908690050)
w(3177049,90,228908697375,228908690051)
w(1975322,91,228908697375,228908690052)
w(3149961,92,228908697375,228908690053)
w(11237329,93,228908697375,228908690054)
w(12122607,94,228908697375,228908690055)
w(3418566,96,228908697375,228908690056)
w(15889017,97,228908697375,228908690057)
w(1581857,99,228908697375,228908690058)
w(5160541,101,228908697375,228908690059)
w(16005033,102,228908697375,228908690060)
w(5409923,104,228908697375,228908690061)
w(16253027,106,228908697375,228908690062)
w(1292045,108,228908697375,228908690063)
w(3435473,110,228908697375,228908690064)
w(10940213,112,228908697375,228908690065)
w(8973913,114,228908697375,228908690066)
w(9669002,115,228908697375,228908690067)
w(13565399,117,228908697375,228908690068)
w(4745059,118,228908697375,228908690069)
w(13193586,120,228908697375,228908690070)
w(6361600,122,228908697375,228908690071)
w(13320684,124,228908697375,228908690072)
w(5527844,125,228908697375,228908690073)
w(10109029,126,228908697375,228908690074)
w(5615462,128,228908697375,228908690075)
w(9157624,130,228908697375,228908690076)
w(15848101,131,228908697375,228908690077)
w(6220112,133,228908697375,228908690078)
w(1661218,135,228908697375,228908690079)
w(4148218,136,228908697375,228908690080)
w(9043894,137,228908697375,228908690081)
w(15111554,139,228908697375,228908690082)
w(14399944,141,228908697375,228908690083)
w(10286633,143,228908697375,228908690084)
w(2931365,145,228908697375,228908690085)
w(13904074,147,228908697375,228908690086)
w(7501457,150,228908697375,228908690087)
w(14306478,152,228908697375,228908690088)
w(4320381,154,228908697375,228908690089)
w(9516045,156,228908697375,228908690090)
w(6825329,158,228908697375,228908690091)
w(12371677,160,228908697375,228908690092)
w(11068472,162,228908697375,228908690093)
w(6561647,164,228908697375,228908690094)
w(10963664,167,228908697375,228908690095)
w(14628282,169,228908697375,228908690096)
w(5950132,171,228908697375,228908690097)
w(10523169,173,228908697375,228908690098)
w(2252073,174,228908697375,228908690099)
w(1769311,175,228908697375,228908690100)
w(2941639,1,458509589207,458509580001)
w(7296594,2,458509589207,458509580001)
r(2941639,1,316837854180,316837850001)
w(7296594,2,316837854180,316837850001)
r(2941639,1,505632070634,505632070001)
r(2941639,1,249143017084,249143010001)
r(7296594,3,505632070634,505632070001)
r(7296594,3,249143017084,249143010001)
w(2941639,3,458509589207,458509580002)
w(7296594,4,458509589207,458509580002)
r(2941639,1,316837854180,316837850002)
w(7296594,4,316837854180,316837850002)
w(2941639,2,249143017084,249143010002)
w(7296594,3,249143017084,249143010002)
r(2941639,3,458509589207,458509580003)
r(2941639,3,505632070634,505632070002)
w(7296594,4,505632070634,505632070002)
w(2941639,2,249143017084,249143010003)
w(7296594,3,249143017084,249143010003)
r(2941639,2,316837854180,316837850003)
w(7296594,5,316837854180,316837850003)
r(7296594,4,458509589207,458509580003)
w(2941639,5,316837854180,316837850004)
w(7296594,6,316837854180,316837850004)
w(2941639,3,249143017084,249143010004)
r(2941639,2,505632070634,505632070003)
w(2941639,12,458509589207,458509580004)
r(7296594,5,505632070634,505632070003)
r(7296594,5,249143017084,249143010004)
w(7296594,13,458509589207,458509580004)
w(2941639,6,316837854180,316837850005)
w(7296594,7,316837854180,316837850005)
r(2941639,5,505632070634,505632070004)
r(7296594,6,505632070634,505632070004)
w(2941639,3,249143017084,249143010005)
r(2941639,12,458509589207,458509580005)
w(7296594,14,458509589207,458509580005)
r(7296594,13,249143017084,249143010005)
r(2941639,6,316837854180,316837850006)
w(7296594,7,316837854180,316837850006)
r(2941639,6,505632070634,505632070005)
w(7296594,7,505632070634,505632070005)
r(2941639,6,458509589207,458509580006)
r(2941639,6,249143017084,249143010006)
w(7296594,5,249143017084,249143010006)
r(7296594,14,458509589207,458509580006)
w(2941639,7,316837854180,316837850007)
r(7296594,7,316837854180,316837850007)
w(2941639,15,458509589207,458509580007)
w(2941639,4,249143017084,249143010007)
w(7296594,5,249143017084,249143010007)
r(2941639,6,505632070634,505632070006)
w(7296594,16,458509589207,458509580007)
w(7296594,8,505632070634,505632070006)
r(2941639,6,316837854180,316837850008)
w(2941639,16,458509589207,458509580008)
r(7296594,16,316837854180,316837850008)
r(2941639,15,249143017084,249143010008)
r(7296594,16,458509589207,458509580008)
r(7296594,16,249143017084,249143010008)
w(2941639,8,505632070634,505632070007)
r(7296594,8,505632070634,505632070007)
w(2941639,8,316837854180,316837850009)
r(7296594,8,316837854180,316837850009)
r(2941639,16,458509589207,458509580009)
r(2941639,16,249143017084,249143010009)
w(7296594,18,458509589207,458509580009)
r(7296594,8,249143017084,249143010009)
r(2941639,8,505632070634,505632070008)
w(7296594,10,505632070634,505632070008)
r(2941639,8,316837854180,316837850010)
w(7296594,10,316837854180,316837850010)
r(2941639,8,458509589207,458509580010)
w(7296594,19,458509589207,458509580010)
r(2941639,8,249143017084,249143010010)
r(7296594,18,249143017084,249143010010)
w(2941639,10,316837854180,316837850011)
r(2941639,8,505632070634,505632070009)
w(7296594,10,505632070634,505632070009)
r(7296594,10,316837854180,316837850011)
r(2941639,8,458509589207,458509580011)
r(2941639,8,249143017084,249143010011)
r(7296594,19,458509589207,458509580011)
r(2941639,8,505632070634,505632070010)
r(7296594,19,249143017084,249143010011)
w(7296594,10,505632070634,505632070010)
r(2941639,8,316837854180,316837850012)
w(7296594,11,316837854180,316837850012)
w(2941639,20,458509589207,458509580012)
w(7296594,21,458509589207,458509580012)
w(2941639,9,249143017084,249143010012)
w(7296594,10,249143017084,249143010012)
w(2941639,10,316837854180,316837850013)
r(7296594,11,316837854180,316837850013)
r(2941639,8,505632070634,505632070011)
w(7296594,11,505632070634,505632070011)
w(2941639,10,249143017084,249143010013)
r(2941639,20,458509589207,458509580013)
w(2941639,10,505632070634,505632070012)
w(7296594,22,458509589207,458509580013)
r(7296594,10,249143017084,249143010013)
r(7296594,11,505632070634,505632070012)
r(2941639,10,316837854180,316837850014)
w(7296594,11,316837854180,316837850014)
w(2941639,11,249143017084,249143010014)
w(2941639,11,505632070634,505632070013)
r(2941639,10,458509589207,458509580014)
w(7296594,23,458509589207,458509580014)
r(7296594,11,249143017084,249143010014)
r(7296594,11,505632070634,505632070013)
r(2941639,10,316837854180,316837850015)
w(7296594,12,316837854180,316837850015)
r(2941639,10,249143017084,249143010015)
w(7296594,13,249143017084,249143010015)
r(2941639,10,458509589207,458509580015)
w(7296594,24,458509589207,458509580015)
r(2941639,10,505632070634,505632070014)
r(7296594,12,505632070634,505632070014)
r(2941639,10,316837854180,316837850016)
w(7296594,23,316837854180,316837850016)
w(2941639,13,249143017084,249143010016)
w(7296594,14,249143017084,249143010016)
r(2941639,10,458509589207,458509580016)
r(2941639,10,505632070634,505632070015)
w(7296594,25,458509589207,458509580016)
w(7296594,14,505632070634,505632070015)
r(2941639,10,316837854180,316837850017)
r(7296594,23,316837854180,316837850017)
r(2941639,13,249143017084,249143010017)
w(7296594,15,249143017084,249143010017)
r(2941639,13,505632070634,505632070016)
w(2941639,23,316837854180,316837850018)
r(7296594,14,505632070634,505632070016)
w(2941639,25,458509589207,458509580017)
w(7296594,26,458509589207,458509580017)
r(7296594,25,316837854180,316837850018)
r(2941639,13,249143017084,249143010018)
w(2941639,24,316837854180,316837850019)
w(7296594,25,316837854180,316837850019)
w(7296594,15,249143017084,249143010018)
w(2941639,15,505632070634,505632070017)
r(2941639,23,458509589207,458509580018)
w(7296594,27,458509589207,458509580018)
r(7296594,26,505632070634,505632070017)
r(2941639,23,249143017084,249143010019)
w(7296594,17,249143017084,249143010019)
w(2941639,27,458509589207,458509580019)
w(7296594,28,458509589207,458509580019)
r(2941639,24,505632070634,505632070018)
r(2941639,24,316837854180,316837850020)
w(7296594,25,316837854180,316837850020)
r(7296594,25,505632070634,505632070018)
r(2941639,24,249143017084,249143010020)
r(7296594,17,249143017084,249143010020)
r(2941639,27,458509589207,458509580020)
w(2941639,25,316837854180,316837850021)
w(7296594,26,316837854180,316837850021)
r(2941639,27,505632070634,505632070019)
r(7296594,25,458509589207,458509580020)
r(7296594,25,505632070634,505632070019)
w(2941639,17,249143017084,249143010021)
r(7296594,25,249143017084,249143010021)
w(2941639,26,316837854180,316837850022)
w(7296594,27,316837854180,316837850022)
w(2941639,15,505632070634,505632070020)
r(2941639,25,458509589207,458509580021)
w(7296594,31,458509589207,458509580021)
r(7296594,26,505632070634,505632070020)
r(2941639,25,249143017084,249143010022)
r(7296594,26,249143017084,249143010022)
w(2941639,27,316837854180,316837850023)
w(2941639,16,505632070634,505632070021)
w(7296594,28,316837854180,316837850023)
w(7296594,17,505632070634,505632070021)
r(2941639,15,458509589207,458509580022)
w(7296594,33,458509589207,458509580022)
w(2941639,17,505632070634,505632070022)
r(2941639,27,249143017084,249143010023)
r(2941639,16,316837854180,316837850024)
r(7296594,17,316837854180,316837850024)
r(7296594,17,505632070634,505632070022)
r(7296594,17,249143017084,249143010023)
w(2941639,33,458509589207,458509580023)
r(7296594,33,458509589207,458509580023)
w(2941639,29,316837854180,316837850025)
r(2941639,16,505632070634,505632070023)
w(7296594,19,505632070634,505632070023)
w(7296594,30,316837854180,316837850025)
r(2941639,16,249143017084,249143010024)
w(7296594,21,249143017084,249143010024)
r(2941639,33,458509589207,458509580024)
w(7296594,35,458509589207,458509580024)
r(2941639,29,505632070634,505632070024)
w(7296594,19,505632070634,505632070024)
r(2941639,29,316837854180,316837850026)
r(7296594,30,316837854180,316837850026)
r(2941639,29,249143017084,249143010025)
w(7296594,22,249143017084,249143010025)
r(2941639,29,458509589207,458509580025)
r(7296594,35,458509589207,458509580025)
w(2941639,22,249143017084,249143010026)
r(2941639,29,505632070634,505632070025)
w(7296594,20,505632070634,505632070025)
r(7296594,22,249143017084,249143010026)
r(2941639,29,316837854180,316837850027)
r(7296594,22,316837854180,316837850027)
r(2941639,29,458509589207,458509580026)
w(7296594,36,458509589207,458509580026)
w(2941639,20,505632070634,505632070026)
w(7296594,21,505632070634,505632070026)
w(2941639,22,249143017084,249143010027)
w(2941639,36,458509589207,458509580027)
w(7296594,37,458509589207,458509580027)
r(2941639,22,316837854180,316837850028)
r(7296594,20,249143017084,249143010027)
r(7296594,36,316837854180,316837850028)
w(2941639,21,505632070634,505632070027)
r(7296594,21,505632070634,505632070027)
w(2941639,37,458509589207,458509580028)
w(2941639,31,316837854180,316837850029)
r(7296594,37,316837854180,316837850029)
r(7296594,37,458509589207,458509580028)
r(2941639,36,249143017084,249143010028)
w(7296594,24,249143017084,249143010028)
w(2941639,23,505632070634,505632070028)
w(7296594,24,505632070634,505632070028)
w(2941639,32,316837854180,316837850030)
r(7296594,37,316837854180,316837850030)
w(2941639,23,505632070634,505632070029)
r(2941639,31,249143017084,249143010029)
w(2941639,38,458509589207,458509580029)
w(7296594,24,505632070634,505632070029)
w(7296594,39,458509589207,458509580029)
r(7296594,24,249143017084,249143010029)
r(2941639,23,316837854180,316837850031)
r(7296594,24,316837854180,316837850031)
r(2941639,23,505632070634,505632070030)
w(2941639,26,249143017084,249143010030)
w(2941639,40,458509589207,458509580030)
r(7296594,24,505632070634,505632070030)
w(7296594,27,249143017084,249143010030)
w(7296594,41,458509589207,458509580030)
w(2941639,34,316837854180,316837850032)
w(7296594,35,316837854180,316837850032)
r(2941639,38,505632070634,505632070031)
w(2941639,27,249143017084,249143010031)
r(2941639,40,458509589207,458509580031)
r(7296594,41,505632070634,505632070031)
w(7296594,42,458509589207,458509580031)
r(7296594,41,249143017084,249143010031)
r(2941639,34,316837854180,316837850033)
r(7296594,35,316837854180,316837850033)
r(2941639,34,505632070634,505632070032)
w(7296594,25,505632070634,505632070032)
r(2941639,34,458509589207,458509580032)
w(7296594,43,458509589207,458509580032)
w(2941639,28,249143017084,249143010032)
w(7296594,29,249143017084,249143010032)
w(2941639,36,316837854180,316837850034)
r(7296594,42,316837854180,316837850034)
w(2941639,25,505632070634,505632070033)
r(2941639,27,458509589207,458509580033)
w(7296594,26,505632070634,505632070033)
r(7296594,42,458509589207,458509580033)
r(2941639,28,249143017084,249143010033)
r(7296594,29,249143017084,249143010033)
w(2941639,37,316837854180,316837850035)
r(7296594,29,316837854180,316837850035)
r(2941639,25,505632070634,505632070034)
w(7296594,26,505632070634,505632070034)
r(2941639,25,458509589207,458509580034)
w(7296594,44,458509589207,458509580034)
w(2941639,30,249143017084,249143010034)
w(7296594,31,249143017084,249143010034)
w(2941639,26,505632070634,505632070035)
w(2941639,38,316837854180,316837850036)
r(7296594,26,505632070634,505632070035)
r(7296594,26,316837854180,316837850036)
w(2941639,44,458509589207,458509580035)
w(7296594,45,458509589207,458509580035)
w(2941639,30,249143017084,249143010035)
w(7296594,31,249143017084,249143010035)
w(2941639,38,316837854180,316837850037)
r(7296594,31,316837854180,316837850037)
r(2941639,44,505632070634,505632070036)
r(2941639,44,458509589207,458509580036)
w(7296594,46,458509589207,458509580036)
r(7296594,45,505632070634,505632070036)
r(2941639,30,249143017084,249143010036)
r(7296594,31,249143017084,249143010036)
w(2941639,45,458509589207,458509580037)
w(2941639,28,505632070634,505632070037)
r(2941639,30,316837854180,316837850038)
w(7296594,46,458509589207,458509580037)
r(7296594,31,316837854180,316837850038)
r(7296594,31,505632070634,505632070037)
r(2941639,30,249143017084,249143010037)
r(7296594,31,249143017084,249143010037)
w(2941639,29,505632070634,505632070038)
r(2941639,28,458509589207,458509580038)
w(7296594,47,458509589207,458509580038)
r(2941639,28,316837854180,316837850039)
w(7296594,39,316837854180,316837850039)
w(7296594,30,505632070634,505632070038)
r(2941639,28,249143017084,249143010038)
w(7296594,33,249143017084,249143010038)
w(2941639,39,316837854180,316837850040)
w(2941639,30,505632070634,505632070039)
w(7296594,31,505632070634,505632070039)
r(2941639,29,458509589207,458509580039)
r(7296594,30,316837854180,316837850040)
w(7296594,49,458509589207,458509580039)
r(2941639,29,249143017084,249143010039)
r(7296594,33,249143017084,249143010039)
w(2941639,40,316837854180,316837850041)
w(2941639,49,458509589207,458509580040)
r(2941639,30,505632070634,505632070040)
w(7296594,50,458509589207,458509580040)
r(7296594,49,316837854180,316837850041)
r(7296594,49,505632070634,505632070040)
r(2941639,30,249143017084,249143010040)
r(7296594,49,249143017084,249143010040)
w(2941639,34,249143017084,249143010041)
w(7296594,35,249143017084,249143010041)
w(2941639,50,458509589207,458509580041)
w(2941639,30,505632070634,505632070041)
w(2941639,41,316837854180,316837850042)
r(7296594,49,505632070634,505632070041)
r(7296594,50,316837854180,316837850042)
r(7296594,50,458509589207,458509580041)
r(2941639,34,249143017084,249143010042)
r(7296594,35,249143017084,249143010042)
w(2941639,51,458509589207,458509580042)
r(2941639,50,505632070634,505632070042)
r(2941639,50,316837854180,316837850043)
w(7296594,42,316837854180,316837850043)
w(7296594,32,505632070634,505632070042)
r(7296594,35,458509589207,458509580042)
w(2941639,35,249143017084,249143010043)
w(7296594,36,249143017084,249143010043)
w(2941639,52,458509589207,458509580043)
w(2941639,32,505632070634,505632070043)
w(2941639,42,316837854180,316837850044)
w(7296594,43,316837854180,316837850044)
r(7296594,42,458509589207,458509580043)
r(7296594,42,505632070634,505632070043)
w(2941639,36,249143017084,249143010044)
w(7296594,37,249143017084,249143010044)
w(2941639,43,316837854180,316837850045)
w(7296594,44,316837854180,316837850045)
w(2941639,53,458509589207,458509580044)
w(7296594,54,458509589207,458509580044)
w(2941639,32,505632070634,505632070044)
w(7296594,33,505632070634,505632070044)
w(2941639,43,316837854180,316837850046)
r(2941639,43,249143017084,249143010045)
w(7296594,44,316837854180,316837850046)
r(7296594,44,249143017084,249143010045)
r(2941639,53,458509589207,458509580045)
r(7296594,54,458509589207,458509580045)
r(2941639,32,505632070634,505632070045)
w(7296594,34,505632070634,505632070045)
r(2941639,43,249143017084,249143010046)
w(7296594,37,249143017084,249143010046)
r(2941639,43,316837854180,316837850047)
w(7296594,45,316837854180,316837850047)
r(2941639,43,458509589207,458509580046)
w(2941639,33,505632070634,505632070046)
r(7296594,34,458509589207,458509580046)
r(7296594,34,505632070634,505632070046)
r(2941639,43,316837854180,316837850048)
r(7296594,45,316837854180,316837850048)
w(2941639,36,249143017084,249143010047)
r(2941639,43,458509589207,458509580047)
w(2941639,34,505632070634,505632070047)
w(7296594,35,505632070634,505632070047)
r(7296594,37,249143017084,249143010047)
r(7296594,37,458509589207,458509580047)
w(2941639,45,316837854180,316837850049)
w(2941639,56,458509589207,458509580048)
w(7296594,57,458509589207,458509580048)
w(2941639,36,249143017084,249143010048)
w(2941639,34,505632070634,505632070048)
w(7296594,46,316837854180,316837850049)
w(7296594,37,249143017084,249143010048)
w(7296594,35,505632070634,505632070048)
r(2941639,34,458509589207,458509580049)
w(7296594,58,458509589207,458509580049)
r(2941639,34,505632070634,505632070049)
r(7296594,35,505632070634,505632070049)
w(2941639,36,249143017084,249143010049)
w(7296594,37,249143017084,249143010049)
w(2941639,57,458509589207,458509580050)
r(2941639,45,316837854180,316837850050)
w(2941639,36,505632070634,505632070050)
w(7296594,58,458509589207,458509580050)
r(7296594,58,316837854180,316837850050)
w(7296594,37,505632070634,505632070050)
r(2941639,36,249143017084,249143010050)
r(7296594,37,249143017084,249143010050)
w(2941639,47,316837854180,316837850051)
r(2941639,36,458509589207,458509580051)
r(2941639,36,505632070634,505632070051)
w(7296594,59,458509589207,458509580051)
w(2941639,38,249143017084,249143010051)
r(7296594,37,505632070634,505632070051)
r(7296594,37,249143017084,249143010051)
r(7296594,37,316837854180,316837850051)
r(2941639,36,458509589207,458509580052)
w(7296594,60,458509589207,458509580052)
w(2941639,38,505632070634,505632070052)
w(2941639,48,316837854180,316837850052)
r(2941639,47,249143017084,249143010052)
w(7296594,39,505632070634,505632070052)
r(7296594,59,249143017084,249143010052)
r(7296594,59,316837854180,316837850052)
w(2941639,60,458509589207,458509580053)
r(7296594,59,458509589207,458509580053)
w(2941639,39,505632070634,505632070053)
w(2941639,48,316837854180,316837850053)
w(7296594,40,505632070634,505632070053)
w(7296594,49,316837854180,316837850053)
r(2941639,48,249143017084,249143010053)
r(7296594,39,249143017084,249143010053)
w(2941639,61,458509589207,458509580054)
w(7296594,62,458509589207,458509580054)
r(2941639,39,505632070634,505632070054)
w(7296594,42,505632070634,505632070054)
w(2941639,49,316837854180,316837850054)
w(2941639,62,458509589207,458509580055)
r(2941639,61,249143017084,249143010054)
w(7296594,63,458509589207,458509580055)
w(7296594,50,316837854180,316837850054)
r(7296594,62,249143017084,249143010054)
r(2941639,61,505632070634,505632070055)
w(7296594,43,505632070634,505632070055)
r(2941639,49,458509589207,458509580056)
r(2941639,49,249143017084,249143010055)
w(7296594,41,249143017084,249143010055)
r(7296594,50,458509589207,458509580056)
r(2941639,49,316837854180,316837850055)
w(7296594,50,316837854180,316837850055)
w(2941639,43,505632070634,505632070056)
w(7296594,44,505632070634,505632070056)
w(2941639,41,249143017084,249143010056)
w(7296594,42,249143017084,249143010056)
w(2941639,63,458509589207,458509580057)
w(2941639,50,316837854180,316837850056)
w(7296594,64,458509589207,458509580057)
r(7296594,50,316837854180,316837850056)
r(2941639,43,505632070634,505632070057)
w(7296594,45,505632070634,505632070057)
r(2941639,41,249143017084,249143010057)
w(2941639,63,458509589207,458509580058)
r(7296594,64,249143017084,249143010057)
r(7296594,64,458509589207,458509580058)
w(2941639,51,316837854180,316837850057)
w(7296594,52,316837854180,316837850057)
r(2941639,50,505632070634,505632070058)
r(7296594,64,505632070634,505632070058)
w(2941639,43,249143017084,249143010058)
r(7296594,64,249143017084,249143010058)
w(2941639,52,316837854180,316837850058)
r(2941639,51,458509589207,458509580059)
w(7296594,53,316837854180,316837850058)
r(7296594,52,458509589207,458509580059)
w(2941639,46,505632070634,505632070059)
r(7296594,52,505632070634,505632070059)
r(2941639,52,316837854180,316837850059)
r(2941639,52,249143017084,249143010059)
w(7296594,45,249143017084,249143010059)
w(2941639,65,458509589207,458509580060)
r(7296594,52,316837854180,316837850059)
r(7296594,52,458509589207,458509580060)
r(2941639,46,505632070634,505632070060)
r(7296594,52,505632070634,505632070060)
w(2941639,65,458509589207,458509580061)
w(7296594,66,458509589207,458509580061)
w(2941639,54,316837854180,316837850060)
w(7296594,55,316837854180,316837850060)
r(2941639,65,249143017084,249143010060)
w(7296594,46,249143017084,249143010060)
r(2941639,65,505632070634,505632070061)
w(7296594,52,505632070634,505632070061)
w(2941639,45,249143017084,249143010061)
w(2941639,55,316837854180,316837850061)
w(7296594,46,249143017084,249143010061)
w(7296594,56,316837854180,316837850061)
r(2941639,54,458509589207,458509580062)
r(7296594,46,458509589207,458509580062)
r(2941639,54,505632070634,505632070062)
w(7296594,53,505632070634,505632070062)
r(2941639,55,458509589207,458509580063)
r(2941639,55,316837854180,316837850062)
w(7296594,67,458509589207,458509580063)
w(7296594,56,316837854180,316837850062)
r(2941639,45,249143017084,249143010062)
w(7296594,47,249143017084,249143010062)
w(2941639,53,505632070634,505632070063)
w(7296594,54,505632070634,505632070063)
w(2941639,67,458509589207,458509580064)
w(2941639,56,316837854180,316837850063)
r(7296594,67,458509589207,458509580064)
r(7296594,67,316837854180,316837850063)
w(2941639,47,249143017084,249143010063)
w(7296594,48,249143017084,249143010063)
w(2941639,54,505632070634,505632070064)
w(2941639,57,316837854180,316837850064)
w(2941639,68,458509589207,458509580065)
r(7296594,54,505632070634,505632070064)
w(7296594,69,458509589207,458509580065)
w(7296594,58,316837854180,316837850064)
w(2941639,48,249143017084,249143010064)
w(7296594,49,249143017084,249143010064)
w(2941639,58,316837854180,316837850065)
r(2941639,57,458509589207,458509580066)
w(7296594,70,458509589207,458509580066)
w(2941639,49,249143017084,249143010065)
w(7296594,59,316837854180,316837850065)
r(2941639,57,505632070634,505632070065)
w(7296594,56,505632070634,505632070065)
r(7296594,49,249143017084,249143010065)
w(2941639,50,249143017084,249143010066)
w(2941639,59,316837854180,316837850066)
w(2941639,69,458509589207,458509580067)
w(7296594,51,249143017084,249143010066)
w(7296594,60,316837854180,316837850066)
r(2941639,49,505632070634,505632070066)
w(7296594,57,505632070634,505632070066)
r(7296594,59,458509589207,458509580067)
r(2941639,59,249143017084,249143010067)
r(2941639,59,505632070634,505632070067)
w(7296594,52,249143017084,249143010067)
r(2941639,59,316837854180,316837850067)
w(7296594,61,316837854180,316837850067)
r(7296594,57,505632070634,505632070067)
r(2941639,69,458509589207,458509580068)
w(7296594,72,458509589207,458509580068)
w(2941639,52,249143017084,249143010068)
r(7296594,57,249143017084,249143010068)
r(2941639,69,316837854180,316837850068)
w(7296594,61,316837854180,316837850068)
r(2941639,69,505632070634,505632070068)
r(2941639,69,458509589207,458509580069)
r(7296594,72,505632070634,505632070068)
r(7296594,72,458509589207,458509580069)
r(2941639,52,249143017084,249143010069)
w(2941639,61,316837854180,316837850069)
r(7296594,61,249143017084,249143010069)
r(7296594,61,316837854180,316837850069)
w(2941639,73,458509589207,458509580070)
w(7296594,74,458509589207,458509580070)
r(2941639,52,505632070634,505632070069)
w(7296594,60,505632070634,505632070069)
w(2941639,54,249143017084,249143010070)
w(7296594,55,249143017084,249143010070)
w(2941639,62,316837854180,316837850070)
w(2941639,74,458509589207,458509580071)
w(7296594,75,458509589207,458509580071)
r(7296594,74,316837854180,316837850070)
w(2941639,55,249143017084,249143010071)
r(2941639,73,505632070634,505632070070)
w(7296594,61,505632070634,505632070070)
w(7296594,56,249143017084,249143010071)
r(2941639,74,458509589207,458509580072)
r(2941639,74,316837854180,316837850071)
r(7296594,75,458509589207,458509580072)
r(7296594,75,316837854180,316837850071)
r(2941639,55,249143017084,249143010072)
w(7296594,56,249143017084,249143010072)
r(2941639,55,505632070634,505632070071)
w(7296594,62,505632070634,505632070071)
w(2941639,75,458509589207,458509580073)
r(7296594,56,458509589207,458509580073)
r(2941639,55,316837854180,316837850072)
r(2941639,55,249143017084,249143010073)
w(7296594,57,249143017084,249143010073)
w(2941639,62,505632070634,505632070072)
w(7296594,64,316837854180,316837850072)
r(7296594,62,505632070634,505632070072)
r(2941639,55,458509589207,458509580074)
w(7296594,77,458509589207,458509580074)
w(2941639,64,316837854180,316837850073)
r(2941639,55,249143017084,249143010074)
w(7296594,57,249143017084,249143010074)
w(7296594,65,316837854180,316837850073)
r(2941639,62,505632070634,505632070073)
r(7296594,64,505632070634,505632070073)
r(2941639,62,458509589207,458509580075)
r(2941639,64,249143017084,249143010075)
w(2941639,65,316837854180,316837850074)
r(7296594,77,458509589207,458509580075)
r(7296594,65,249143017084,249143010075)
w(7296594,66,316837854180,316837850074)
w(2941639,64,505632070634,505632070074)
w(7296594,65,505632070634,505632070074)
w(2941639,78,458509589207,458509580076)
w(2941639,66,316837854180,316837850075)
r(7296594,65,458509589207,458509580076)
w(7296594,67,316837854180,316837850075)
w(2941639,58,249143017084,249143010076)
w(2941639,65,505632070634,505632070075)
r(7296594,66,249143017084,249143010076)
w(7296594,66,505632070634,505632070075)
r(2941639,66,458509589207,458509580077)
r(2941639,66,316837854180,316837850076)
r(7296594,67,458509589207,458509580077)
w(7296594,68,316837854180,316837850076)
w(2941639,59,249143017084,249143010077)
r(7296594,67,249143017084,249143010077)
w(2941639,66,505632070634,505632070076)
w(7296594,67,505632070634,505632070076)
w(2941639,80,458509589207,458509580078)
w(2941639,68,316837854180,316837850077)
r(7296594,66,458509589207,458509580078)
r(7296594,68,316837854180,316837850077)
r(2941639,65,249143017084,249143010078)
w(7296594,61,249143017084,249143010078)
w(2941639,67,505632070634,505632070077)
w(7296594,68,505632070634,505632070077)
r(2941639,66,458509589207,458509580079)
w(2941639,69,316837854180,316837850078)
w(7296594,70,316837854180,316837850078)
w(2941639,61,249143017084,249143010079)
r(7296594,67,458509589207,458509580079)
r(7296594,67,249143017084,249143010079)
w(2941639,68,505632070634,505632070078)
r(7296594,68,505632070634,505632070078)
w(2941639,71,316837854180,316837850079)
r(2941639,67,458509589207,458509580080)
r(7296594,70,316837854180,316837850079)
w(2941639,70,505632070634,505632070079)
w(7296594,71,505632070634,505632070079)
w(2941639,62,249143017084,249143010080)
r(7296594,70,458509589207,458509580080)
r(7296594,70,249143017084,249143010080)
w(2941639,83,458509589207,458509580081)
w(2941639,71,505632070634,505632070080)
w(7296594,84,458509589207,458509580081)
w(2941639,72,316837854180,316837850080)
r(7296594,71,505632070634,505632070080)
w(7296594,73,316837854180,316837850080)
r(2941639,62,249143017084,249143010081)
r(7296594,71,249143017084,249143010081)
w(2941639,73,316837854180,316837850081)
r(2941639,72,458509589207,458509580082)
w(7296594,84,458509589207,458509580082)
w(7296594,74,316837854180,316837850081)
w(2941639,72,505632070634,505632070081)
r(2941639,72,249143017084,249143010082)
w(7296594,64,249143017084,249143010082)
w(2941639,84,458509589207,458509580083)
r(7296594,73,505632070634,505632070081)
w(7296594,85,458509589207,458509580083)
r(2941639,73,316837854180,316837850082)
w(7296594,75,316837854180,316837850082)
w(2941639,64,249143017084,249143010083)
w(7296594,65,249143017084,249143010083)
r(2941639,73,316837854180,316837850083)
r(2941639,73,505632070634,505632070082)
w(7296594,76,316837854180,316837850083)
w(7296594,73,505632070634,505632070082)
r(2941639,84,458509589207,458509580084)
w(7296594,86,458509589207,458509580084)
w(2941639,65,249143017084,249143010084)
w(7296594,66,249143017084,249143010084)
w(2941639,73,505632070634,505632070083)
w(7296594,74,505632070634,505632070083)
r(2941639,64,316837854180,316837850084)
r(7296594,65,316837854180,316837850084)
r(2941639,64,458509589207,458509580085)
w(7296594,87,458509589207,458509580085)
w(2941639,66,249143017084,249143010085)
w(7296594,67,249143017084,249143010085)
r(2941639,73,505632070634,505632070084)
r(7296594,74,505632070634,505632070084)
r(2941639,73,458509589207,458509580086)
r(7296594,74,458509589207,458509580086)
r(2941639,73,316837854180,316837850085)
r(2941639,66,249143017084,249143010086)
r(7296594,67,316837854180,316837850085)
r(7296594,67,249143017084,249143010086)
r(2941639,66,505632070634,505632070085)
w(7296594,75,505632070634,505632070085)
w(2941639,78,316837854180,316837850086)
w(2941639,87,458509589207,458509580087)
w(7296594,88,458509589207,458509580087)
r(7296594,67,316837854180,316837850086)
w(2941639,67,249143017084,249143010087)
r(2941639,66,505632070634,505632070086)
r(7296594,75,249143017084,249143010087)
r(7296594,75,505632070634,505632070086)
r(2941639,87,458509589207,458509580088)
w(7296594,88,458509589207,458509580088)
w(2941639,76,505632070634,505632070087)
w(7296594,77,505632070634,505632070087)
r(2941639,67,316837854180,316837850087)
w(7296594,80,316837854180,316837850087)
r(2941639,67,249143017084,249143010088)
w(7296594,69,249143017084,249143010088)
w(2941639,88,458509589207,458509580089)
w(2941639,77,505632070634,505632070088)
w(7296594,78,505632070634,505632070088)
r(7296594,88,458509589207,458509580089)
r(2941639,76,316837854180,316837850088)
w(2941639,78,505632070634,505632070089)
w(7296594,80,316837854180,316837850088)
w(2941639,69,249143017084,249143010089)
w(7296594,70,249143017084,249143010089)
r(7296594,78,505632070634,505632070089)
w(2941639,89,458509589207,458509580090)
w(7296594,90,458509589207,458509580090)
r(2941639,77,316837854180,316837850089)
w(7296594,80,316837854180,316837850089)
w(2941639,90,458509589207,458509580091)
r(2941639,78,505632070634,505632070090)
w(7296594,80,505632070634,505632070090)
r(2941639,78,249143017084,249143010090)
r(7296594,90,458509589207,458509580091)
r(7296594,90,249143017084,249143010090)
w(2941639,80,316837854180,316837850090)
w(2941639,79,505632070634,505632070091)
r(7296594,90,316837854180,316837850090)
r(7296594,90,505632070634,505632070091)
w(2941639,90,458509589207,458509580092)
w(2941639,71,249143017084,249143010091)
r(7296594,90,249143017084,249143010091)
r(7296594,90,458509589207,458509580092)
w(2941639,81,316837854180,316837850091)
w(2941639,80,505632070634,505632070092)
w(7296594,82,316837854180,316837850091)
r(7296594,90,505632070634,505632070092)
r(2941639,90,458509589207,458509580093)
w(7296594,91,458509589207,458509580093)
r(2941639,90,249143017084,249143010092)
w(7296594,74,249143017084,249143010092)
r(2941639,81,316837854180,316837850092)
w(2941639,91,458509589207,458509580094)
w(7296594,92,458509589207,458509580094)
r(2941639,80,505632070634,505632070093)
w(7296594,82,505632070634,505632070093)
r(7296594,82,316837854180,316837850092)
r(2941639,80,249143017084,249143010093)
w(7296594,75,249143017084,249143010093)
r(2941639,80,505632070634,505632070094)
w(2941639,83,316837854180,316837850093)
w(7296594,83,505632070634,505632070094)
r(7296594,82,316837854180,316837850093)
w(2941639,75,249143017084,249143010094)
w(2941639,92,458509589207,458509580095)
w(7296594,76,249143017084,249143010094)
r(7296594,92,458509589207,458509580095)
r(2941639,91,505632070634,505632070095)
r(7296594,83,505632070634,505632070095)
w(2941639,76,249143017084,249143010095)
r(2941639,75,316837854180,316837850094)
w(7296594,77,249143017084,249143010095)
r(7296594,76,316837854180,316837850094)
r(2941639,92,458509589207,458509580096)
r(7296594,76,458509589207,458509580096)
w(2941639,85,316837854180,316837850095)
w(2941639,84,505632070634,505632070096)
r(7296594,76,316837854180,316837850095)
r(7296594,76,505632070634,505632070096)
w(2941639,85,505632070634,505632070097)
r(2941639,76,249143017084,249143010096)
w(7296594,78,249143017084,249143010096)
w(2941639,86,316837854180,316837850096)
r(7296594,77,505632070634,505632070097)
w(7296594,87,316837854180,316837850096)
r(2941639,84,458509589207,458509580097)
w(7296594,95,458509589207,458509580097)
r(2941639,84,249143017084,249143010097)
w(7296594,79,249143017084,249143010097)
r(2941639,85,505632070634,505632070098)
w(7296594,87,505632070634,505632070098)
r(2941639,85,458509589207,458509580098)
w(2941639,87,316837854180,316837850097)
r(7296594,95,458509589207,458509580098)
r(7296594,87,316837854180,316837850097)
w(2941639,87,505632070634,505632070099)
r(2941639,86,249143017084,249143010098)
w(7296594,79,249143017084,249143010098)
w(7296594,88,505632070634,505632070099)
r(2941639,86,458509589207,458509580099)
r(7296594,87,458509589207,458509580099)
r(2941639,87,316837854180,316837850098)
w(7296594,89,316837854180,316837850098)
w(2941639,88,505632070634,505632070100)
w(7296594,89,505632070634,505632070100)
r(2941639,87,458509589207,458509580100)
w(7296594,98,458509589207,458509580100)
r(2941639,87,249143017084,249143010099)
w(7296594,80,249143017084,249143010099)
r(2941639,88,505632070634,505632070101)
w(2941639,98,458509589207,458509580101)
w(2941639,89,316837854180,316837850099)
r(7296594,98,505632070634,505632070101)
r(7296594,98,458509589207,458509580101)
r(7296594,98,316837854180,316837850099)
w(2941639,79,249143017084,249143010100)
r(7296594,98,249143017084,249143010100)
r(2941639,89,316837854180,316837850100)
r(2941639,89,505632070634,505632070102)
r(7296594,98,316837854180,316837850100)
r(7296594,98,505632070634,505632070102)
r(2941639,98,458509589207,458509580102)
w(7296594,101,458509589207,458509580102)
w(2941639,80,249143017084,249143010101)
w(2941639,91,316837854180,316837850101)
r(7296594,98,249143017084,249143010101)
r(2941639,79,458509589207,458509580103)
w(7296594,102,458509589207,458509580103)
r(7296594,98,316837854180,316837850101)
r(2941639,79,505632070634,505632070103)
r(7296594,101,505632070634,505632070103)
w(2941639,92,316837854180,316837850102)
w(2941639,101,458509589207,458509580104)
w(7296594,102,458509589207,458509580104)
r(7296594,102,316837854180,316837850102)
r(2941639,79,249143017084,249143010102)
w(7296594,82,249143017084,249143010102)
w(2941639,92,505632070634,505632070104)
w(7296594,93,505632070634,505632070104)
w(2941639,102,458509589207,458509580105)
w(7296594,103,458509589207,458509580105)
w(2941639,93,316837854180,316837850103)
r(7296594,102,316837854180,316837850103)
r(2941639,92,249143017084,249143010103)
w(2941639,92,505632070634,505632070105)
w(7296594,93,505632070634,505632070105)
w(7296594,83,249143017084,249143010103)
w(2941639,93,505632070634,505632070106)
r(2941639,102,458509589207,458509580106)
r(7296594,93,458509589207,458509580106)
r(2941639,92,249143017084,249143010104)
w(7296594,84,249143017084,249143010104)
r(7296594,93,505632070634,505632070106)
r(2941639,92,316837854180,316837850104)
r(7296594,93,316837854180,316837850104)
w(2941639,104,458509589207,458509580107)
w(7296594,105,458509589207,458509580107)
r(2941639,93,505632070634,505632070107)
w(7296594,95,505632070634,505632070107)
w(2941639,84,249143017084,249143010105)
w(7296594,85,249143017084,249143010105)
r(2941639,93,316837854180,316837850105)
r(7296594,84,316837854180,316837850105)
r(2941639,104,458509589207,458509580108)
w(2941639,95,505632070634,505632070108)
w(7296594,105,458509589207,458509580108)
w(7296594,96,505632070634,505632070108)
w(2941639,85,249143017084,249143010106)
w(7296594,86,249143017084,249143010106)
w(2941639,105,458509589207,458509580109)
w(2941639,86,249143017084,249143010107)
w(7296594,87,249143017084,249143010107)
r(2941639,85,505632070634,505632070109)
w(7296594,97,505632070634,505632070109)
w(7296594,106,458509589207,458509580109)
r(2941639,85,316837854180,316837850106)
w(7296594,96,316837854180,316837850106)
w(2941639,96,316837854180,316837850107)
w(7296594,97,316837854180,316837850107)
w(2941639,87,249143017084,249143010108)
w(7296594,88,249143017084,249143010108)
w(2941639,97,505632070634,505632070110)
w(7296594,98,505632070634,505632070110)
w(2941639,97,316837854180,316837850108)
w(7296594,98,316837854180,316837850108)
r(2941639,87,249143017084,249143010109)
w(2941639,106,458509589207,458509580110)
w(7296594,107,458509589207,458509580110)
r(7296594,88,249143017084,249143010109)
r(2941639,97,505632070634,505632070111)
w(2941639,89,249143017084,249143010110)
r(7296594,98,505632070634,505632070111)
r(2941639,97,316837854180,316837850109)
w(7296594,90,249143017084,249143010110)
r(7296594,107,316837854180,316837850109)
r(2941639,106,458509589207,458509580111)
w(7296594,108,458509589207,458509580111)
r(2941639,89,505632070634,505632070112)
r(2941639,89,249143017084,249143010111)
r(2941639,89,316837854180,316837850110)
r(7296594,90,505632070634,505632070112)
r(7296594,90,249143017084,249143010111)
w(7296594,100,316837854180,316837850110)
r(2941639,89,458509589207,458509580112)
w(7296594,109,458509589207,458509580112)
w(2941639,100,505632070634,505632070113)
r(2941639,89,316837854180,316837850111)
w(7296594,101,505632070634,505632070113)
r(7296594,100,316837854180,316837850111)
r(2941639,89,249143017084,249143010112)
r(2941639,89,458509589207,458509580113)
w(7296594,92,249143017084,249143010112)
r(7296594,109,458509589207,458509580113)
w(2941639,100,316837854180,316837850112)
r(2941639,100,505632070634,505632070114)
r(7296594,101,505632070634,505632070114)
r(7296594,101,316837854180,316837850112)
r(2941639,100,458509589207,458509580114)
r(2941639,100,249143017084,249143010113)
r(7296594,92,458509589207,458509580114)
r(7296594,92,249143017084,249143010113)
w(2941639,108,505632070634,505632070115)
r(7296594,92,505632070634,505632070115)
r(2941639,100,316837854180,316837850113)
w(7296594,102,316837854180,316837850113)
w(2941639,94,249143017084,249143010114)
w(7296594,95,249143017084,249143010114)
r(2941639,100,458509589207,458509580115)
w(7296594,111,458509589207,458509580115)
r(2941639,108,505632070634,505632070116)
r(7296594,102,505632070634,505632070116)
r(2941639,94,316837854180,316837850114)
r(2941639,94,249143017084,249143010115)
r(7296594,111,316837854180,316837850114)
r(2941639,94,458509589207,458509580116)
w(7296594,96,249143017084,249143010115)
r(7296594,111,458509589207,458509580116)
w(2941639,110,505632070634,505632070117)
w(7296594,111,505632070634,505632070117)
r(2941639,94,249143017084,249143010116)
w(7296594,97,249143017084,249143010116)
w(2941639,112,458509589207,458509580117)
r(7296594,96,458509589207,458509580117)
r(2941639,110,505632070634,505632070118)
r(7296594,111,505632070634,505632070118)
r(2941639,110,316837854180,316837850115)
w(7296594,104,316837854180,316837850115)
w(2941639,97,249143017084,249143010117)
w(2941639,113,458509589207,458509580118)
r(7296594,97,249143017084,249143010117)
w(7296594,114,458509589207,458509580118)
r(2941639,110,505632070634,505632070119)
w(7296594,113,505632070634,505632070119)
r(2941639,110,316837854180,316837850116)
r(7296594,104,316837854180,316837850116)
r(2941639,97,249143017084,249143010118)
w(7296594,99,249143017084,249143010118)
r(2941639,97,505632070634,505632070120)
w(7296594,114,505632070634,505632070120)
w(2941639,114,458509589207,458509580119)
r(7296594,114,458509589207,458509580119)
r(2941639,113,316837854180,316837850117)
w(7296594,106,316837854180,316837850117)
w(2941639,99,249143017084,249143010119)
w(7296594,100,249143017084,249143010119)
w(2941639,114,505632070634,505632070121)
r(7296594,99,505632070634,505632070121)
w(2941639,99,249143017084,249143010120)
w(7296594,100,249143017084,249143010120)
r(2941639,99,316837854180,316837850118)
r(2941639,99,458509589207,458509580120)
r(7296594,100,316837854180,316837850118)
r(7296594,100,458509589207,458509580120)
r(2941639,99,505632070634,505632070122)
w(2941639,100,249143017084,249143010121)
r(7296594,100,505632070634,505632070122)
w(2941639,107,316837854180,316837850119)
w(7296594,101,249143017084,249143010121)
r(7296594,100,316837854180,316837850119)
r(2941639,99,458509589207,458509580121)
w(7296594,116,458509589207,458509580121)
w(2941639,115,505632070634,505632070123)
w(7296594,116,505632070634,505632070123)
w(2941639,108,316837854180,316837850120)
w(7296594,109,316837854180,316837850120)
r(2941639,100,249143017084,249143010122)
w(7296594,102,249143017084,249143010122)
w(2941639,116,505632070634,505632070124)
w(7296594,117,505632070634,505632070124)
r(2941639,115,249143017084,249143010123)
w(7296594,103,249143017084,249143010123)
r(2941639,115,458509589207,458509580122)
w(2941639,104,249143017084,249143010124)
w(7296594,105,249143017084,249143010124)
r(7296594,116,458509589207,458509580122)
w(2941639,118,505632070634,505632070125)
w(2941639,110,316837854180,316837850121)
r(7296594,117,316837854180,316837850121)
r(7296594,117,505632070634,505632070125)
r(2941639,110,458509589207,458509580123)
w(2941639,119,505632070634,505632070126)
r(2941639,110,316837854180,316837850122)
w(7296594,112,316837854180,316837850122)
r(2941639,110,249143017084,249143010125)
w(7296594,106,249143017084,249143010125)
r(7296594,105,505632070634,505632070126)
r(7296594,105,458509589207,458509580123)
r(2941639,118,316837854180,316837850123)
w(7296594,112,316837854180,316837850123)
w(2941639,106,249143017084,249143010126)
w(2941639,117,458509589207,458509580124)
w(7296594,118,458509589207,458509580124)
r(7296594,105,249143017084,249143010126)
r(2941639,119,505632070634,505632070127)
r(7296594,105,505632070634,505632070127)
w(2941639,112,316837854180,316837850124)
w(2941639,118,458509589207,458509580125)
w(7296594,119,458509589207,458509580125)
w(2941639,122,505632070634,505632070128)
r(2941639,106,249143017084,249143010127)
w(7296594,108,249143017084,249143010127)
r(7296594,118,505632070634,505632070128)
r(7296594,118,316837854180,316837850124)
w(2941639,119,458509589207,458509580126)
w(7296594,120,458509589207,458509580126)
r(2941639,122,505632070634,505632070129)
w(7296594,124,505632070634,505632070129)
r(2941639,122,249143017084,249143010128)
w(7296594,109,249143017084,249143010128)
w(2941639,113,316837854180,316837850125)
r(7296594,108,316837854180,316837850125)
w(2941639,124,505632070634,505632070130)
r(2941639,119,458509589207,458509580127)
r(7296594,120,505632070634,505632070130)
r(7296594,120,458509589207,458509580127)
r(2941639,119,249143017084,249143010129)
w(2941639,114,316837854180,316837850126)
r(7296594,120,249143017084,249143010129)
r(7296594,120,316837854180,316837850126)
w(2941639,125,505632070634,505632070131)
w(2941639,120,458509589207,458509580128)
r(7296594,120,505632070634,505632070131)
w(2941639,109,249143017084,249143010130)
r(7296594,120,458509589207,458509580128)
w(7296594,110,249143017084,249143010130)
r(2941639,114,316837854180,316837850127)
r(7296594,120,316837854180,316837850127)
w(2941639,126,505632070634,505632070132)
r(7296594,120,505632070634,505632070132)
w(2941639,110,249143017084,249143010131)
w(7296594,111,249143017084,249143010131)
r(2941639,109,316837854180,316837850128)
w(7296594,117,316837854180,316837850128)
r(2941639,109,458509589207,458509580129)
r(2941639,109,505632070634,505632070133)
w(7296594,122,458509589207,458509580129)
r(2941639,110,249143017084,249143010132)
r(7296594,110,505632070634,505632070133)
r(7296594,111,249143017084,249143010132)
w(2941639,116,316837854180,316837850129)
r(7296594,111,316837854180,316837850129)
r(2941639,110,458509589207,458509580130)
w(2941639,111,249143017084,249143010133)
r(2941639,110,505632070634,505632070134)
r(7296594,111,458509589207,458509580130)
r(7296594,111,249143017084,249143010133)
r(7296594,111,505632070634,505632070134)
w(2941639,117,316837854180,316837850130)
r(7296594,111,316837854180,316837850130)
w(2941639,123,458509589207,458509580131)
r(2941639,111,249143017084,249143010134)
w(7296594,115,249143017084,249143010134)
r(7296594,111,458509589207,458509580131)
r(2941639,111,505632070634,505632070135)
r(7296594,111,505632070634,505632070135)
w(2941639,125,316837854180,316837850131)
w(7296594,126,316837854180,316837850131)
w(2941639,123,458509589207,458509580132)
r(2941639,123,249143017084,249143010135)
w(2941639,129,505632070634,505632070136)
r(7296594,115,249143017084,249143010135)
r(7296594,115,505632070634,505632070136)
r(7296594,115,458509589207,458509580132)
w(2941639,116,249143017084,249143010136)
w(7296594,117,249143017084,249143010136)
r(2941639,125,316837854180,316837850132)
w(7296594,127,316837854180,316837850132)
w(2941639,129,505632070634,505632070137)
r(7296594,126,505632070634,505632070137)
r(2941639,123,458509589207,458509580133)
w(7296594,125,458509589207,458509580133)
w(2941639,127,316837854180,316837850133)
w(2941639,116,249143017084,249143010137)
r(7296594,117,249143017084,249143010137)
r(7296594,117,316837854180,316837850133)
w(2941639,125,458509589207,458509580134)
w(2941639,130,505632070634,505632070138)
r(7296594,125,458509589207,458509580134)
r(7296594,125,505632070634,505632070138)
r(2941639,129,249143017084,249143010138)
w(7296594,118,249143017084,249143010138)
w(2941639,128,316837854180,316837850134)
w(7296594,129,316837854180,316837850134)
w(2941639,126,458509589207,458509580135)
r(2941639,130,505632070634,505632070139)
w(7296594,132,505632070634,505632070139)
r(7296594,125,458509589207,458509580135)
r(2941639,130,249143017084,249143010139)
w(7296594,119,249143017084,249143010139)
w(2941639,129,316837854180,316837850135)
w(2941639,132,505632070634,505632070140)
w(7296594,133,505632070634,505632070140)
r(2941639,128,458509589207,458509580136)
w(7296594,128,458509589207,458509580136)
r(7296594,132,316837854180,316837850135)
w(2941639,119,249143017084,249143010140)
r(7296594,132,249143017084,249143010140)
w(2941639,133,505632070634,505632070141)
r(7296594,133,505632070634,505632070141)
r(2941639,129,458509589207,458509580137)
r(2941639,129,316837854180,316837850136)
w(7296594,131,316837854180,316837850136)
r(7296594,128,458509589207,458509580137)
r(2941639,119,249143017084,249143010141)
r(7296594,128,249143017084,249143010141)
r(2941639,119,505632070634,505632070142)
w(7296594,135,505632070634,505632070142)
w(2941639,131,316837854180,316837850137)
w(7296594,132,316837854180,316837850137)
w(2941639,128,458509589207,458509580138)
w(7296594,129,458509589207,458509580138)
r(2941639,119,249143017084,249143010142)
w(2941639,135,505632070634,505632070143)
r(7296594,128,249143017084,249143010142)
r(7296594,132,505632070634,505632070143)
r(2941639,131,316837854180,316837850138)
w(7296594,133,316837854180,316837850138)
w(2941639,121,249143017084,249143010143)
r(2941639,128,458509589207,458509580139)
w(7296594,130,458509589207,458509580139)
r(7296594,129,249143017084,249143010143)
w(2941639,136,505632070634,505632070144)
w(7296594,137,505632070634,505632070144)
r(2941639,135,316837854180,316837850139)
w(7296594,134,316837854180,316837850139)
w(2941639,121,249143017084,249143010144)
r(2941639,136,505632070634,505632070145)
r(7296594,133,249143017084,249143010144)
w(7296594,138,505632070634,505632070145)
r(2941639,135,458509589207,458509580140)
w(7296594,132,458509589207,458509580140)
r(2941639,136,316837854180,316837850140)
w(7296594,135,316837854180,316837850140)
w(2941639,121,249143017084,249143010145)
r(7296594,134,249143017084,249143010145)
r(2941639,136,458509589207,458509580141)
w(7296594,133,458509589207,458509580141)
r(2941639,136,505632070634,505632070146)
r(2941639,136,316837854180,316837850141)
r(7296594,135,505632070634,505632070146)
r(7296594,135,316837854180,316837850141)
r(2941639,121,249143017084,249143010146)
w(7296594,123,249143017084,249143010146)
r(2941639,121,458509589207,458509580142)
r(7296594,133,458509589207,458509580142)
w(2941639,138,505632070634,505632070147)
w(7296594,139,505632070634,505632070147)
w(2941639,123,249143017084,249143010147)
r(7296594,123,249143017084,249143010147)
r(2941639,121,316837854180,316837850142)
w(7296594,136,316837854180,316837850142)
w(2941639,134,458509589207,458509580143)
w(7296594,135,458509589207,458509580143)
r(2941639,138,505632070634,505632070148)
w(7296594,139,505632070634,505632070148)
r(2941639,123,249143017084,249143010148)
w(2941639,136,316837854180,316837850143)
w(7296594,125,249143017084,249143010148)
w(2941639,135,458509589207,458509580144)
w(7296594,136,458509589207,458509580144)
r(7296594,135,316837854180,316837850143)
r(2941639,134,505632070634,505632070149)
r(7296594,135,505632070634,505632070149)
r(2941639,134,249143017084,249143010149)
w(2941639,137,316837854180,316837850144)
w(7296594,138,316837854180,316837850144)
r(7296594,136,249143017084,249143010149)
r(2941639,136,458509589207,458509580145)
r(7296594,136,458509589207,458509580145)
w(2941639,139,505632070634,505632070150)
w(7296594,140,505632070634,505632070150)
w(2941639,124,249143017084,249143010150)
w(7296594,125,249143017084,249143010150)
r(2941639,137,316837854180,316837850145)
r(7296594,138,316837854180,316837850145)
r(2941639,137,458509589207,458509580146)
r(7296594,138,458509589207,458509580146)
w(2941639,140,505632070634,505632070151)
w(7296594,141,505632070634,505632070151)
w(2941639,125,249143017084,249143010151)
w(7296594,126,249143017084,249143010151)
w(2941639,139,316837854180,316837850146)
r(7296594,125,316837854180,316837850146)
r(2941639,140,458509589207,458509580147)
r(2941639,140,505632070634,505632070152)
w(7296594,142,505632070634,505632070152)
r(7296594,141,458509589207,458509580147)
r(2941639,125,249143017084,249143010152)
r(7296594,126,249143017084,249143010152)
w(2941639,140,316837854180,316837850147)
w(7296594,141,316837854180,316837850147)
w(2941639,138,458509589207,458509580148)
r(2941639,125,505632070634,505632070153)
r(7296594,142,458509589207,458509580148)
r(7296594,142,505632070634,505632070153)
r(2941639,140,316837854180,316837850148)
r(7296594,141,316837854180,316837850148)
r(2941639,140,249143017084,249143010153)
w(2941639,142,505632070634,505632070154)
r(7296594,141,249143017084,249143010153)
w(7296594,143,505632070634,505632070154)
r(2941639,140,458509589207,458509580149)
r(7296594,141,458509589207,458509580149)
w(2941639,142,316837854180,316837850149)
w(7296594,143,316837854180,316837850149)
w(2941639,143,505632070634,505632070155)
r(7296594,143,505632070634,505632070155)
w(2941639,127,249143017084,249143010154)
r(7296594,143,249143017084,249143010154)
r(2941639,142,316837854180,316837850150)
r(2941639,142,458509589207,458509580150)
w(7296594,141,458509589207,458509580150)
r(7296594,143,316837854180,316837850150)
w(2941639,145,505632070634,505632070156)
r(7296594,143,505632070634,505632070156)
r(2941639,143,316837854180,316837850151)
w(7296594,144,316837854180,316837850151)
r(2941639,127,249143017084,249143010155)
r(2941639,127,458509589207,458509580151)
w(7296594,129,249143017084,249143010155)
r(7296594,141,458509589207,458509580151)
r(2941639,145,505632070634,505632070157)
r(7296594,141,505632070634,505632070157)
r(2941639,145,316837854180,316837850152)
w(7296594,145,316837854180,316837850152)
r(2941639,145,249143017084,249143010156)
r(2941639,145,458509589207,458509580152)
w(7296594,142,458509589207,458509580152)
r(7296594,129,249143017084,249143010156)
w(2941639,147,505632070634,505632070158)
w(7296594,148,505632070634,505632070158)
r(2941639,145,316837854180,316837850153)
w(2941639,142,458509589207,458509580153)
r(7296594,145,316837854180,316837850153)
w(7296594,143,458509589207,458509580153)
w(2941639,130,249143017084,249143010157)
w(2941639,148,505632070634,505632070159)
r(7296594,148,249143017084,249143010157)
r(7296594,148,505632070634,505632070159)
w(2941639,146,316837854180,316837850154)
w(7296594,147,316837854180,316837850154)
r(2941639,142,458509589207,458509580154)
r(7296594,143,458509589207,458509580154)
r(2941639,146,249143017084,249143010158)
r(2941639,148,505632070634,505632070160)
r(2941639,146,316837854180,316837850155)
r(7296594,147,249143017084,249143010158)
w(7296594,147,316837854180,316837850155)
r(7296594,147,505632070634,505632070160)
r(2941639,146,458509589207,458509580155)
w(7296594,145,458509589207,458509580155)
w(2941639,150,505632070634,505632070161)
r(7296594,147,505632070634,505632070161)
w(2941639,131,249143017084,249143010159)
w(7296594,132,249143017084,249143010159)
r(2941639,146,458509589207,458509580156)
w(2941639,147,316837854180,316837850156)
r(7296594,147,458509589207,458509580156)
r(7296594,147,316837854180,316837850156)
r(2941639,146,505632070634,505632070162)
w(7296594,152,505632070634,505632070162)
w(2941639,146,458509589207,458509580157)
w(2941639,148,316837854180,316837850157)
w(7296594,147,458509589207,458509580157)
r(2941639,131,249143017084,249143010160)
w(7296594,149,316837854180,316837850157)
r(7296594,132,249143017084,249143010160)
r(2941639,147,505632070634,505632070163)
w(7296594,152,505632070634,505632070163)
r(2941639,146,458509589207,458509580158)
w(7296594,148,458509589207,458509580158)
w(2941639,149,316837854180,316837850158)
w(7296594,150,316837854180,316837850158)
w(2941639,152,505632070634,505632070164)
w(2941639,132,249143017084,249143010161)
w(7296594,133,249143017084,249143010161)
r(7296594,152,505632070634,505632070164)
w(2941639,148,458509589207,458509580159)
r(2941639,149,316837854180,316837850159)
w(7296594,149,458509589207,458509580159)
w(7296594,150,316837854180,316837850159)
r(2941639,152,249143017084,249143010162)
r(2941639,152,505632070634,505632070165)
w(7296594,154,505632070634,505632070165)
w(2941639,149,458509589207,458509580160)
r(7296594,133,249143017084,249143010162)
w(7296594,150,458509589207,458509580160)
w(2941639,149,316837854180,316837850160)
w(7296594,150,316837854180,316837850160)
w(2941639,154,505632070634,505632070166)
w(7296594,155,505632070634,505632070166)
w(2941639,149,458509589207,458509580161)
r(2941639,148,249143017084,249143010163)
r(7296594,150,458509589207,458509580161)
r(7296594,150,249143017084,249143010163)
r(2941639,149,316837854180,316837850161)
r(7296594,150,316837854180,316837850161)
r(2941639,154,505632070634,505632070167)
w(2941639,135,249143017084,249143010164)
r(2941639,154,458509589207,458509580162)
r(7296594,155,505632070634,505632070167)
w(7296594,136,249143017084,249143010164)
r(7296594,155,458509589207,458509580162)
r(2941639,154,316837854180,316837850162)
w(7296594,152,316837854180,316837850162)
w(2941639,136,249143017084,249143010165)
r(2941639,135,458509589207,458509580163)
w(7296594,152,458509589207,458509580163)
w(2941639,151,316837854180,316837850163)
r(7296594,136,249143017084,249143010165)
w(7296594,152,316837854180,316837850163)
w(2941639,156,505632070634,505632070168)
r(7296594,152,505632070634,505632070168)
w(2941639,151,458509589207,458509580164)
w(2941639,151,316837854180,316837850164)
w(2941639,137,249143017084,249143010166)
r(7296594,152,458509589207,458509580164)
w(7296594,138,249143017084,249143010166)
r(7296594,152,316837854180,316837850164)
w(2941639,157,505632070634,505632070169)
w(7296594,158,505632070634,505632070169)
w(2941639,138,249143017084,249143010167)
w(7296594,139,249143017084,249143010167)
w(2941639,152,316837854180,316837850165)
w(7296594,153,316837854180,316837850165)
r(2941639,157,505632070634,505632070170)
w(7296594,159,505632070634,505632070170)
r(2941639,151,458509589207,458509580165)
r(7296594,158,458509589207,458509580165)
w(2941639,140,249143017084,249143010168)
w(2941639,153,316837854180,316837850166)
r(7296594,153,249143017084,249143010168)
r(7296594,153,316837854180,316837850166)
r(2941639,152,505632070634,505632070171)
r(2941639,152,458509589207,458509580166)
r(7296594,153,505632070634,505632070171)
r(7296594,153,458509589207,458509580166)
w(2941639,154,316837854180,316837850167)
w(2941639,154,458509589207,458509580167)
r(7296594,153,316837854180,316837850167)
r(2941639,153,249143017084,249143010169)
w(7296594,143,249143017084,249143010169)
w(2941639,160,505632070634,505632070172)
r(7296594,153,458509589207,458509580167)
r(7296594,153,505632070634,505632070172)
w(2941639,155,316837854180,316837850168)
w(7296594,156,316837854180,316837850168)
r(2941639,154,249143017084,249143010170)
w(2941639,161,505632070634,505632070173)
r(7296594,143,249143017084,249143010170)
r(7296594,143,505632070634,505632070173)
w(2941639,144,249143017084,249143010171)
r(2941639,155,316837854180,316837850169)
r(2941639,155,458509589207,458509580168)
w(7296594,156,458509589207,458509580168)
w(7296594,145,249143017084,249143010171)
w(2941639,162,505632070634,505632070174)
r(7296594,156,316837854180,316837850169)
r(7296594,156,505632070634,505632070174)
w(2941639,156,458509589207,458509580169)
w(2941639,145,249143017084,249143010172)
w(7296594,157,458509589207,458509580169)
w(7296594,146,249143017084,249143010172)
w(2941639,163,505632070634,505632070175)
w(7296594,164,505632070634,505632070175)
r(2941639,162,316837854180,316837850170)
r(7296594,145,316837854180,316837850170)
r(2941639,163,458509589207,458509580170)
w(7296594,158,458509589207,458509580170)
r(2941639,163,505632070634,505632070176)
w(7296594,165,505632070634,505632070176)
r(2941639,163,249143017084,249143010173)
w(7296594,147,249143017084,249143010173)
r(2941639,163,316837854180,316837850171)
w(2941639,158,458509589207,458509580171)
w(7296594,159,458509589207,458509580171)
r(7296594,164,316837854180,316837850171)
w(2941639,147,249143017084,249143010174)
w(7296594,148,249143017084,249143010174)
r(2941639,163,505632070634,505632070177)
r(7296594,147,505632070634,505632070177)
r(2941639,158,458509589207,458509580172)
w(7296594,160,458509589207,458509580172)
w(2941639,166,505632070634,505632070178)
r(2941639,147,316837854180,316837850172)
r(2941639,147,249143017084,249143010175)
w(7296594,149,249143017084,249143010175)
w(7296594,167,505632070634,505632070178)
r(7296594,148,316837854180,316837850172)
w(2941639,160,458509589207,458509580173)
w(7296594,161,458509589207,458509580173)
r(2941639,166,249143017084,249143010176)
r(2941639,166,505632070634,505632070179)
w(7296594,168,505632070634,505632070179)
r(2941639,166,316837854180,316837850173)
r(7296594,167,249143017084,249143010176)
r(2941639,160,458509589207,458509580174)
w(7296594,162,458509589207,458509580174)
r(7296594,161,316837854180,316837850173)
r(2941639,160,249143017084,249143010177)
r(2941639,160,505632070634,505632070180)
w(7296594,169,505632070634,505632070180)
r(2941639,160,316837854180,316837850174)
w(7296594,159,316837854180,316837850174)
r(7296594,161,249143017084,249143010177)
r(2941639,160,458509589207,458509580175)
r(7296594,162,458509589207,458509580175)
r(2941639,160,505632070634,505632070181)
w(7296594,172,505632070634,505632070181)
w(2941639,159,316837854180,316837850175)
w(7296594,160,316837854180,316837850175)
r(2941639,160,249143017084,249143010178)
w(7296594,154,249143017084,249143010178)
w(2941639,162,458509589207,458509580176)
r(7296594,169,458509589207,458509580176)
w(2941639,161,316837854180,316837850176)
w(2941639,155,249143017084,249143010179)
r(7296594,160,316837854180,316837850176)
w(2941639,163,458509589207,458509580177)
r(7296594,154,249143017084,249143010179)
r(7296594,154,458509589207,458509580177)
r(2941639,162,505632070634,505632070182)
w(7296594,173,505632070634,505632070182)
w(2941639,163,316837854180,316837850177)
r(7296594,154,316837854180,316837850177)
w(2941639,156,249143017084,249143010180)
w(7296594,157,249143017084,249143010180)
r(2941639,163,458509589207,458509580178)
w(7296594,165,458509589207,458509580178)
r(2941639,163,505632070634,505632070183)
r(7296594,173,505632070634,505632070183)
r(2941639,156,249143017084,249143010181)
w(2941639,165,458509589207,458509580179)
r(7296594,157,249143017084,249143010181)
w(2941639,164,316837854180,316837850178)
r(7296594,165,458509589207,458509580179)
r(2941639,156,505632070634,505632070184)
r(7296594,165,316837854180,316837850178)
r(7296594,165,505632070634,505632070184)
r(2941639,156,249143017084,249143010182)
r(7296594,165,249143017084,249143010182)
w(2941639,167,458509589207,458509580180)
w(2941639,164,316837854180,316837850179)
w(7296594,165,316837854180,316837850179)
r(7296594,165,458509589207,458509580180)
r(2941639,164,505632070634,505632070185)
w(7296594,176,505632070634,505632070185)
r(2941639,164,249143017084,249143010183)
w(2941639,165,316837854180,316837850180)
w(2941639,168,458509589207,458509580181)
r(7296594,165,249143017084,249143010183)
r(7296594,165,316837854180,316837850180)
w(7296594,169,458509589207,458509580181)
r(2941639,167,505632070634,505632070186)
w(7296594,177,505632070634,505632070186)
w(2941639,160,249143017084,249143010184)
w(2941639,169,458509589207,458509580182)
w(7296594,170,458509589207,458509580182)
r(7296594,169,249143017084,249143010184)
w(2941639,165,316837854180,316837850181)
r(2941639,168,505632070634,505632070187)
r(7296594,177,316837854180,316837850181)
w(2941639,161,249143017084,249143010185)
r(7296594,177,505632070634,505632070187)
r(2941639,160,458509589207,458509580183)
w(7296594,171,458509589207,458509580183)
w(7296594,162,249143017084,249143010185)
r(2941639,160,316837854180,316837850182)
w(7296594,166,316837854180,316837850182)
w(2941639,162,249143017084,249143010186)
r(2941639,160,505632070634,505632070188)
w(7296594,163,249143017084,249143010186)
r(2941639,161,458509589207,458509580184)
w(7296594,185,458509589207,458509580184)
r(7296594,162,505632070634,505632070188)
w(2941639,166,316837854180,316837850183)
w(2941639,179,505632070634,505632070189)
r(2941639,161,458509589207,458509580185)
r(7296594,185,316837854180,316837850183)
w(7296594,186,458509589207,458509580185)
w(2941639,164,249143017084,249143010187)
r(7296594,185,505632070634,505632070189)
w(7296594,165,249143017084,249143010187)
w(2941639,186,458509589207,458509580186)
r(7296594,163,458509589207,458509580186)
w(2941639,179,505632070634,505632070190)
r(2941639,162,316837854180,316837850184)
w(7296594,168,316837854180,316837850184)
w(7296594,180,505632070634,505632070190)
w(2941639,165,249143017084,249143010188)
w(2941639,186,458509589207,458509580187)
w(7296594,187,458509589207,458509580187)
r(7296594,165,249143017084,249143010188)
r(2941639,179,316837854180,316837850185)
w(7296594,169,316837854180,316837850185)
w(2941639,179,505632070634,505632070191)
w(7296594,180,505632070634,505632070191)
r(2941639,186,458509589207,458509580188)
w(7296594,188,458509589207,458509580188)
r(2941639,165,249143017084,249143010189)
w(2941639,180,505632070634,505632070192)
r(7296594,187,249143017084,249143010189)
r(7296594,180,505632070634,505632070192)
r(2941639,179,316837854180,316837850186)
w(7296594,169,316837854180,316837850186)
w(2941639,188,458509589207,458509580189)
w(7296594,189,458509589207,458509580189)
w(2941639,180,505632070634,505632070193)
w(7296594,181,505632070634,505632070193)
w(2941639,167,249143017084,249143010190)
r(2941639,180,316837854180,316837850187)
r(7296594,180,249143017084,249143010190)
r(2941639,188,458509589207,458509580190)
r(2941639,180,505632070634,505632070194)
w(7296594,182,505632070634,505632070194)
w(2941639,168,249143017084,249143010191)
w(7296594,169,249143017084,249143010191)
r(7296594,169,316837854180,316837850187)
r(7296594,181,458509589207,458509580190)
w(2941639,170,316837854180,316837850188)
r(7296594,169,316837854180,316837850188)
r(2941639,180,458509589207,458509580191)
r(2941639,168,249143017084,249143010192)
r(7296594,169,458509589207,458509580191)
r(7296594,169,249143017084,249143010192)
r(2941639,168,505632070634,505632070195)
w(7296594,183,505632070634,505632070195)
r(2941639,170,316837854180,316837850189)
w(7296594,172,316837854180,316837850189)
r(2941639,170,249143017084,249143010193)
r(2941639,170,458509589207,458509580192)
w(7296594,191,458509589207,458509580192)
r(7296594,182,249143017084,249143010193)
w(2941639,183,505632070634,505632070196)
w(7296594,184,505632070634,505632070196)
w(2941639,172,316837854180,316837850190)
r(7296594,172,316837854180,316837850190)
w(2941639,171,249143017084,249143010194)
r(2941639,170,458509589207,458509580193)
w(7296594,193,458509589207,458509580193)
r(7296594,191,249143017084,249143010194)
w(2941639,183,505632070634,505632070197)
r(7296594,184,505632070634,505632070197)
w(2941639,173,316837854180,316837850191)
w(7296594,174,316837854180,316837850191)
w(2941639,172,249143017084,249143010195)
w(7296594,173,249143017084,249143010195)
r(2941639,172,458509589207,458509580194)
w(2941639,184,505632070634,505632070198)
r(7296594,184,458509589207,458509580194)
r(2941639,173,316837854180,316837850192)
r(7296594,174,505632070634,505632070198)
r(7296594,174,316837854180,316837850192)
r(2941639,172,249143017084,249143010196)
r(7296594,173,249143017084,249143010196)
r(2941639,172,458509589207,458509580195)
r(7296594,173,458509589207,458509580195)
w(2941639,185,505632070634,505632070199)
w(7296594,186,505632070634,505632070199)
w(2941639,175,316837854180,316837850193)
r(7296594,173,316837854180,316837850193)
w(2941639,174,249143017084,249143010197)
w(2941639,195,458509589207,458509580196)
r(7296594,173,249143017084,249143010197)
w(7296594,196,458509589207,458509580196)
w(2941639,186,505632070634,505632070200)
w(2941639,176,316837854180,316837850194)
r(7296594,186,505632070634,505632070200)
r(7296594,186,316837854180,316837850194)
w(2941639,196,458509589207,458509580197)
r(2941639,195,249143017084,249143010198)
r(7296594,196,458509589207,458509580197)
w(7296594,176,249143017084,249143010198)
r(2941639,186,505632070634,505632070201)
r(2941639,186,316837854180,316837850195)
w(7296594,188,505632070634,505632070201)
r(7296594,196,316837854180,316837850195)
w(2941639,177,249143017084,249143010199)
w(7296594,178,249143017084,249143010199)
r(2941639,196,458509589207,458509580198)
w(7296594,198,458509589207,458509580198)
w(2941639,188,505632070634,505632070202)
w(7296594,189,505632070634,505632070202)
w(2941639,178,249143017084,249143010200)
w(2941639,198,458509589207,458509580199)
w(2941639,178,316837854180,316837850196)
w(7296594,199,458509589207,458509580199)
r(7296594,198,249143017084,249143010200)
r(7296594,198,316837854180,316837850196)
w(2941639,189,505632070634,505632070203)
r(7296594,189,505632070634,505632070203)
r(2941639,198,458509589207,458509580200)
w(7296594,200,458509589207,458509580200)
w(2941639,179,316837854180,316837850197)
r(7296594,199,316837854180,316837850197)
r(2941639,178,249143017084,249143010201)
w(7296594,180,249143017084,249143010201)
w(2941639,200,458509589207,458509580201)
r(7296594,199,458509589207,458509580201)
r(2941639,178,505632070634,505632070204)
r(7296594,199,505632070634,505632070204)
r(2941639,179,316837854180,316837850198)
w(7296594,181,316837854180,316837850198)
w(2941639,201,458509589207,458509580202)
r(2941639,179,249143017084,249143010202)
r(7296594,180,249143017084,249143010202)
r(7296594,180,458509589207,458509580202)
r(2941639,200,505632070634,505632070205)
r(2941639,200,316837854180,316837850199)
r(7296594,181,505632070634,505632070205)
r(7296594,181,316837854180,316837850199)
r(2941639,201,249143017084,249143010203)
r(2941639,201,458509589207,458509580203)
w(7296594,202,458509589207,458509580203)
r(7296594,181,249143017084,249143010203)
r(2941639,201,505632070634,505632070206)
r(7296594,181,505632070634,505632070206)
r(2941639,201,316837854180,316837850200)
w(7296594,182,316837854180,316837850200)
r(2941639,201,249143017084,249143010204)
r(2941639,201,458509589207,458509580204)
r(7296594,202,458509589207,458509580204)
r(7296594,202,249143017084,249143010204)
w(2941639,193,505632070634,505632070207)
r(7296594,202,505632070634,505632070207)
w(2941639,182,316837854180,316837850201)
r(7296594,182,316837854180,316837850201)
r(2941639,201,458509589207,458509580205)
w(7296594,204,458509589207,458509580205)
r(2941639,201,249143017084,249143010205)
r(7296594,182,249143017084,249143010205)
r(2941639,182,505632070634,505632070208)
w(7296594,195,505632070634,505632070208)
r(2941639,182,316837854180,316837850202)
w(7296594,184,316837854180,316837850202)
w(2941639,204,458509589207,458509580206)
w(7296594,205,458509589207,458509580206)
w(2941639,183,249143017084,249143010206)
w(7296594,184,249143017084,249143010206)
w(2941639,195,505632070634,505632070209)
w(2941639,205,458509589207,458509580207)
w(7296594,206,458509589207,458509580207)
r(7296594,205,505632070634,505632070209)
w(2941639,184,249143017084,249143010207)
w(7296594,185,249143017084,249143010207)
r(2941639,183,316837854180,316837850203)
r(7296594,184,316837854180,316837850203)
r(2941639,205,458509589207,458509580208)
r(2941639,195,505632070634,505632070210)
r(7296594,206,458509589207,458509580208)
w(2941639,184,249143017084,249143010208)
r(7296594,206,505632070634,505632070210)
w(7296594,185,249143017084,249143010208)
w(2941639,185,316837854180,316837850204)
w(2941639,197,505632070634,505632070211)
r(7296594,185,316837854180,316837850204)
r(2941639,184,458509589207,458509580209)
w(7296594,208,458509589207,458509580209)
r(7296594,185,505632070634,505632070211)
w(2941639,185,249143017084,249143010209)
r(7296594,185,249143017084,249143010209)
w(2941639,208,458509589207,458509580210)
w(2941639,185,316837854180,316837850205)
r(7296594,185,458509589207,458509580210)
w(7296594,186,316837854180,316837850205)
r(2941639,185,505632070634,505632070212)
r(7296594,185,505632070634,505632070212)
w(2941639,186,249143017084,249143010210)
r(2941639,208,458509589207,458509580211)
r(7296594,185,249143017084,249143010210)
r(7296594,185,458509589207,458509580211)
